-0.750417	-0.0765725
-0.766396	-0.381536
-0.719092	-0.473444
-0.780667	-0.426273
-0.879917	-0.131283
-0.602885	-0.238122
-0.729089	-0.425181
-0.524074	-0.0832705
-0.644141	-0.141847
-0.808734	-0.322033
-0.876814	-0.296872
-0.830368	-0.201362
-0.8737	-0.150541
-0.792912	-0.227336
-0.637791	-0.0953569
-0.0824254	0.441261
-0.190586	0.726228
0.204948	0.510521
-0.231221	0.643489
-0.155703	0.619186
-0.126414	0.613095
-0.187719	0.710596
-0.177688	0.748231
-0.447011	0.781206
-0.41037	0.629467
-0.329038	0.585548
-0.475434	0.674163
-0.562428	0.736255
-0.670944	0.806166
-0.719461	0.688455
-0.756177	0.598241
-0.798191	0.680588
-0.84392	0.64614
-0.801557	0.633116
-0.842582	0.58748
-0.840414	0.626194
-0.646894	0.0632173
-0.728582	-0.124478
-0.831937	0.0234895
-0.889947	0.197454
-0.889571	0.265427
-0.985896	0.309101
-1.0245	0.476636
-0.813229	0.440893
-0.791758	0.461206
-0.63711	0.365111
-0.482957	0.31489
-0.315752	0.28761
-0.61428	0.633157
-0.804158	0.876881
-0.644655	0.8558
-0.411356	0.832204
-0.348982	0.821617
-0.331782	0.856927
-0.39418	0.889314
-0.420996	0.90184
-0.50929	0.949213
-0.698334	0.889949
-0.372646	0.684007
0.0122356	0.684762
-0.0844437	0.693556
-0.240965	0.818503
-0.429011	0.951035
-0.496115	1.0287
-0.544722	0.916366
-0.703716	0.869177
-0.699634	0.862592
-0.677272	0.417156
-0.574621	-0.0130193
-0.576248	-0.0397136
-0.499354	-0.0930161
-0.457349	-0.0649067
-0.449421	-0.100143
-0.397847	-0.0117433
-0.384568	0.201949
-0.0759619	0.275129
0.104952	0.488327
0.41946	0.476918
0.400702	0.714335
0.18031	0.588889
0.0231881	0.742623
0.0486884	0.576277
0.0707736	0.475438
0.0367264	0.318634
0.0489768	0.249075
-0.144835	0.278515
-0.410838	0.35782
-0.558012	0.432883
-0.525178	0.417198
-0.355537	0.378106
-0.102249	0.631083
0.0288484	0.50845
0.0464401	0.511325
0.285732	0.505646
0.29956	0.487308
0.123758	0.368359
-0.0583164	0.252665
-0.267426	0.349821
-0.189652	0.0198274
0.0051445	-0.158542
-0.142613	0.220553
-0.404844	0.421948
-0.557792	0.090655
-0.646535	0.0780384
-0.333463	0.194092
-0.397231	0.483659
-0.412283	0.360168
-0.414199	0.309856
-0.447961	0.570973
-0.496462	0.374194
-0.462963	0.0864288
-0.637674	0.263389
-0.49212	0.399996
-0.114288	0.371369
0.0903161	0.350268
-0.00331108	0.563899
-0.2321	0.514687
-0.454049	0.0827387
-0.384761	-0.0600505
-0.163429	-0.0695989
-0.0429998	-0.236728
0.114127	-0.15094
-0.243803	-0.140977
0.0761934	-0.0524163
-0.363572	0.0674536
-0.615681	0.336688
-0.745445	0.487373
-0.638497	0.376515
-0.632417	0.432238
-0.732332	0.0488876
-0.800067	-0.10619
-0.880949	-0.198502
-0.855699	-0.231088
-0.678097	-0.0974536
-0.652386	-0.0657234
-0.50342	0.00810256
-0.241403	0.191902
-0.319367	-0.00175699
-0.675082	0.455112
-0.825187	0.498455
-0.553706	0.561794
-0.0566923	0.219262
-0.498083	0.227836
-0.411117	0.139642
-0.573856	0.143176
-0.479596	0.1399
-0.585873	0.198747
-0.624228	0.195175
-0.702995	0.178666
-0.696909	0.215784
-0.447643	0.121368
-0.360216	-0.00415348
-0.349641	-0.158167
-0.299601	-0.36792
-0.420803	-0.426416
-0.254381	-0.406396
-0.063356	-0.612163
-0.169409	-0.452404
-0.0845968	-0.426374
0.106239	-0.419264
0.220296	-0.0613451
0.00168264	0.0683555
0.0158802	0.0976176
0.0230596	0.191401
-0.173869	0.0515366
-0.359073	0.0358694
-0.147003	0.0957049
-0.437125	0.0709504
-0.601643	0.275258
-0.487076	0.187092
-0.477152	0.236356
-0.670147	0.372282
-0.652218	0.383738
-0.680541	0.51432
-0.110052	0.648246
0.0875922	0.59474
-0.120036	0.357523
-0.280454	0.1822
-0.177014	-0.124921
-0.244742	-0.206027
-0.0710119	-0.05782
-0.654666	-0.586742
-0.537672	-0.577446
-0.652493	-0.290041
-0.395453	-0.182593
-0.153436	-0.19332
-0.137631	-0.288361
-0.052943	-0.420544
-0.362024	-0.164053
-0.240775	-0.256891
-0.34542	-0.203456
-0.392846	-0.13276
-0.435814	-0.151112
-0.585694	-0.0205035
-0.655228	-0.299327
-0.797023	-0.313297
-0.812622	-0.287641
-0.920358	-0.368365
-1.03212	-0.336343
-0.759113	-0.230612
-0.977425	-0.0581852
-0.809796	-0.283219
-0.804282	-0.278911
-0.794759	-0.268318
-0.89042	-0.42036
-0.395041	-0.0310787
-0.595648	-0.0272904
-0.787474	-0.0482493
-0.898602	-0.388485
-1.02153	-0.331865
-0.814522	-0.0831824
-0.526824	-0.25405
-0.657368	-0.00958595
-0.781819	-0.0192257
-0.932357	-0.189016
-0.862165	-0.195584
-0.755945	-0.225831
-1.00858	0.216083
-0.556074	0.564607
-0.590158	0.113249
-0.305264	-0.0039359
-0.105206	-0.0642588
0.115381	-0.341156
-0.0870904	-0.431284
-0.227923	-0.423404
-0.384581	-0.144144
-0.438954	-0.134926
-0.557253	-0.0248311
-0.653203	-0.00126095
-0.574792	-0.00239516
-0.609536	0.104368
-0.622894	0.236775
-0.646823	0.413517
-0.563722	0.525617
-0.536921	0.676683
-0.643971	0.851804
-0.686275	0.957887
-0.705163	1.09878
-0.673968	1.0727
-0.592436	1.03326
-0.455893	0.976983
-0.538154	0.943793
-0.580056	0.830107
-0.709552	0.719709
-0.78732	0.478023
-0.703665	0.192024
-0.510796	0.0346575
-0.239908	0.0190507
-0.0209641	0.114278
0.0150819	0.241402
0.0391253	0.417058
-0.196147	0.437276
-0.456879	0.210999
-0.347772	-0.177354
-0.299102	-0.0682927
-0.759054	0.0828727
-0.442375	-0.0974257
-0.561831	-0.223817
-0.388513	-0.179435
-0.5336	-0.33692
-0.805722	-0.191262
-0.851312	-0.157513
-0.824714	-0.127928
-0.816996	-0.113396
-0.860526	-0.046011
-0.908429	-0.0154984
-0.80036	-0.119403
-0.745881	-0.177868
-0.759886	-0.224392
-0.765209	-0.297629
-0.730237	-0.369191
-0.786673	-0.347936
-0.84272	-0.217259
-0.660225	-0.168495
-0.561503	-0.0192629
-0.60311	0.10977
-0.678342	0.275816
-0.928706	0.372244
-0.981002	0.486801
-0.947361	0.481412
-0.979626	0.455597
-1.00583	0.495769
-1.00584	0.359307
-1.00783	0.423349
-0.655959	-0.0596321
-0.570568	-0.237717
-0.626294	-0.144966
-0.734848	-0.00536995
-0.899563	0.138712
-0.910947	0.408828
-0.894591	0.642192
-0.792101	0.600891
-0.666753	0.614108
-0.363171	0.579852
-0.311415	0.607084
-0.451164	0.352209
-0.463931	0.2997
-0.160426	0.360447
-0.401681	0.250399
-0.568851	-0.0766084
-0.6585	-0.0117019
-0.921918	-0.00370216
-1.03189	-0.143669
-0.530339	0.118615
-0.948961	-0.100546
-0.826875	-0.242168
-0.622575	-0.315341
-1.03256	-0.157869
-0.161144	-0.0595972
-0.148367	-0.0256558
-0.169827	0.0190824
-0.162637	0.15439
-0.463096	0.212104
-0.920407	-0.044527
-0.49007	0.129778
-0.330457	-0.0477261
-0.18663	-0.069137
-0.171058	-0.0736433
-0.138402	-0.0494523
-0.104981	-0.0142834
-0.0901464	-0.00136477
-0.073878	0.0608286
-0.104611	0.0287954
-0.0940967	0.287852
-0.230911	0.109066
-0.833185	-0.06955
-0.791364	-0.0646259
-0.566233	-0.147572
-0.551132	0.0474988
-0.422407	-0.0918126
-0.07517	-0.258076
-0.47396	-0.0104869
0.120494	0.148381
0.0559836	0.42373
0.323888	0.314802
0.103853	0.210533
-0.134911	0.246638
-0.18682	0.0043752
-0.307625	-0.0220565
-0.188892	0.153134
-0.344827	0.0893985
-0.558287	0.169776
-0.478059	0.185644
-0.256646	0.402137
-0.22766	0.469283
-0.0721289	0.720206
-0.570117	0.583904
-0.232578	0.199539
-0.362176	0.377643
0.169334	0.476229
0.463615	0.296463
0.405831	-0.118815
-0.0649946	-0.302464
-0.329861	-0.224192
-0.563019	-0.166151
-0.740148	-0.214346
-0.60083	-0.164194
-0.490278	-0.0835837
-0.565329	0.038716
-0.531432	0.201266
-0.68745	0.155732
-0.604193	0.228302
-0.436245	-0.112014
-0.565541	-0.359335
-0.59245	-0.271259
-0.898234	0.164899
-0.874628	0.437506
-0.778936	0.50084
-0.640447	0.423359
-0.370651	0.281951
-0.123696	0.633849
0.145745	0.892018
0.138965	1.01819
-0.0945569	1.0153
-0.388565	0.638778
-0.323498	0.568225
-0.473015	0.702629
-0.325009	0.606528
-0.263076	0.635529
-0.242884	0.582634
-0.0798046	0.504638
0.127013	0.40976
-0.138413	0.340631
-0.142179	0.126255
-0.323168	0.109066
-0.831405	-0.293049
-0.879809	-0.201015
-0.965745	-0.53153
-0.449822	-0.293264
-0.0530675	0.449613
-0.380933	0.662142
-0.310498	0.281792
-0.420369	-0.0319091
-0.36422	-0.215708
-0.252777	-0.212116
-0.185281	0.319159
-0.180084	0.301179
0.278638	-0.0779607
0.156626	0.163933
-0.227041	0.0312478
-0.550505	0.0400599
-0.723819	0.0580792
-0.585073	-0.0744209
-0.659922	-0.229263
-0.786709	-0.105475
-0.393819	-0.192923
-0.566501	-0.223824
-0.619792	-0.286944
-0.797383	-0.265696
-0.746141	-0.297087
-0.843102	-0.257658
-0.753954	-0.297377
-0.745037	-0.331667
-0.726961	-0.286274
-0.7194	-0.161054
-0.667986	-0.0652904
-0.692723	0.476699
-0.707918	0.640048
-0.413799	0.490752
-0.291625	0.356497
-0.00141804	0.168731
-0.085978	0.197382
0.00215659	-0.0471223
-0.070875	0.229459
0.0354312	0.528925
-0.0825068	0.191952
-0.445705	0.131463
-0.292767	-0.037969
-0.186231	0.278804
-0.242994	0.130396
-0.760824	-0.0755094
-0.929213	-0.300164
-0.89254	-0.259252
-0.750433	-0.271909
-0.762605	-0.323996
-0.827437	-0.275168
-0.823146	-0.243297
-0.745555	-0.379892
-0.634456	-0.171434
-0.734288	-0.184938
-0.683404	-0.181722
-0.30982	0.12783
-0.336775	-0.0860398
-0.545322	0.36329
-0.367085	0.530209
-0.233738	0.484091
-0.00532126	0.500941
0.170838	0.436187
0.139895	0.0716745
-0.0945983	0.038589
-0.2297	-0.0552437
-0.334726	-0.394836
-0.46146	-0.26315
-0.758633	0.0409454
-0.686726	0.187348
-0.588887	0.190411
-0.581667	0.23548
-0.489124	0.0881241
-0.75062	-0.186462
-0.765648	-0.0646318
-0.663546	-0.25049
-0.171556	0.0275173
-0.261325	-0.0452229
-0.329116	-0.180454
-0.402152	-0.229778
-0.279433	-0.203011
-0.0503453	-0.0697587
0.0760143	0.0568448
0.260923	0.223104
0.21628	-0.178961
-0.182729	-0.25027
-0.268776	-0.286827
-0.0293016	-0.304853
-0.294993	-0.3321
-0.251218	-0.00772942
0.163209	0.492934
-0.20444	0.241357
-0.527149	0.247103
-0.403919	0.145668
-0.445254	0.154316
-0.850522	0.312495
-0.869727	0.263294
-0.771077	0.137325
-0.636924	0.214577
-0.331178	0.188072
-0.241247	0.0191078
-0.227835	0.0319423
-0.518534	-0.0994784
-0.56508	-0.293127
-0.495435	-0.40789
-0.303684	-0.379774
-0.225371	-0.301867
-0.00577365	-0.229809
0.246979	-0.154262
0.134764	-0.0172048
-0.150485	0.00883308
-0.10235	-0.0383162
-0.235705	-0.18065
0.167526	-0.205235
0.00917391	0.0901282
-0.0990718	0.549599
-0.25345	0.475455
-0.245188	0.499368
-0.0403932	0.307375
0.0820744	0.281936
0.149936	0.336688
0.139119	0.302836
0.216204	0.4244
0.00807529	0.277147
-0.423403	0.244478
-0.774631	-0.135765
-1.0282	-0.1604
-1.05513	-0.13235
-1.14047	0.113928
-1.2157	-0.102453
-1.05591	-0.0276009
-0.892392	0.248454
-0.971019	0.0582034
-0.79642	0.821054
-0.521443	0.83292
-0.563769	0.736848
-0.59526	0.586226
-0.584477	0.55999
-0.500426	0.386686
-0.36489	0.196071
-0.156156	0.158793
0.185473	0.0945954
0.164355	0.180286
0.19648	0.354798
0.316687	0.391837
0.227296	0.531603
0.354588	0.514171
0.15876	0.327673
-0.100953	0.479331
-0.487379	0.539102
-0.662677	0.443883
-0.205217	-0.024985
-0.44157	0.511944
-0.652521	0.68864
-0.522606	0.568043
-0.557034	-0.00356429
-0.607711	-0.0304468
-0.63541	-0.133367
-0.871218	-0.00782326
-0.969593	-0.0864212
-1.07298	0.0598268
-1.01776	0.089202
-0.973235	0.204252
-0.892067	0.398031
-0.712118	0.595346
-0.466894	0.793033
-0.315366	0.904773
-0.215355	1.03415
-0.362879	1.19348
-0.464527	1.20353
-0.449583	1.09562
-0.497229	0.900249
-0.302107	0.806787
-0.255786	0.831436
-0.28563	0.83444
-0.284236	0.627985
-0.15463	0.497635
-0.342733	0.650819
-0.179219	0.485883
0.0664854	0.336537
-0.22726	0.0984551
-0.326306	-0.184158
-0.375147	-0.1639
-0.30786	-0.0897981
-0.228186	-0.453233
-0.342284	-0.330733
-0.186932	-0.41122
-0.298397	-0.250524
-0.149017	-0.0856336
-0.248206	-0.200462
-0.284042	-0.10672
-0.47195	-0.113475
-0.534045	0.030496
-0.500351	-0.201935
-0.606664	-0.176249
-0.722811	-0.197103
-0.643972	-0.194912
-0.759384	-0.288582
-0.527028	-0.257789
-0.9235	-0.199841
-0.719225	-0.112182
-0.715163	-0.266116
-0.564702	-0.413022
-0.305584	-0.220974
-0.149904	-0.0981576
-0.104309	-0.0195664
-0.0606729	-0.0337521
-0.0180261	0.12004
0.00326552	-0.00211628
-0.224154	-0.0260315
-0.369862	0.0382057
-0.729731	-0.0612897
-0.693437	-0.0589948
-0.839861	0.027151
-0.783935	-0.0749901
-0.658805	-0.287387
-0.863168	-0.118357
-1.00685	-0.244401
-0.791696	-0.313697
-0.936688	-0.493753
-0.476945	-0.0717296
-0.833145	-0.250519
-0.843779	-0.143073
-0.950841	-0.466268
-0.932373	-0.358622
-0.835334	-0.364195
-0.696922	-0.342967
-0.718773	-0.223182
-0.825166	-0.187645
-0.371356	-0.0128453
0.104754	0.253743
0.103806	0.59286
0.0314148	0.545194
-0.163339	0.491234
0.0495728	0.375557
0.0305258	0.528201
-0.446057	0.538547
-0.514698	0.696006
-0.419879	0.919359
-0.452042	0.673983
-0.328529	0.585225
-0.0941354	0.689263
0.239898	0.629633
0.0157523	0.56278
-0.142037	0.297763
-0.339394	0.315274
-0.4086	0.106645
-0.463284	-0.157335
-0.489364	-0.106433
-0.372128	-0.227144
-0.449783	-0.0863902
-0.391848	-0.201053
-0.634601	-0.239263
-0.495581	-0.14892
-0.357332	0.288799
-0.627173	0.47575
-0.731867	0.328461
-0.750311	0.283276
-1.01541	0.436672
-1.04961	0.483904
-0.966369	0.433303
-0.958793	0.469957
-0.872479	0.49355
-0.760208	0.57417
-0.627135	0.549784
-0.644133	0.470753
-0.526511	0.375935
-0.603205	0.42736
-0.557158	0.533592
-0.417394	0.465245
-0.463914	0.484519
-0.444405	0.589056
-0.339229	0.775121
-0.386117	0.741325
0.0756826	0.602698
0.144775	0.721216
0.145086	0.693276
-0.568905	0.494676
-0.264629	0.651829
-0.299173	0.874486
-0.369712	0.419803
-0.241485	0.273353
-0.0851364	0.587454
0.0961542	0.304159
0.0750275	0.0459239
-0.430446	0.196643
-0.971707	0.183435
-0.970753	0.011931
-1.03922	-0.0403818
-0.978955	-0.194918
-0.940877	-0.324531
-0.749584	-0.41805
-0.485228	-0.45167
-0.0609522	-0.172854
-0.118267	0.312109
-0.591887	-0.130035
-0.870364	-0.00333359
-1.13877	-0.0455031
-1.138	-0.0343778
-0.846743	0.190652
-0.895668	0.0192544
-0.852747	0.116218
-0.515471	0.429734
-0.637609	0.572285
-0.521659	0.658256
-0.474585	0.676257
-0.509936	0.690255
-0.412671	0.832383
-0.0606057	0.319892
-0.28132	0.247069
-0.490325	0.182198
-0.696012	0.125901
-0.846626	0.130373
-0.828101	-0.0832274
-0.676255	-0.000975219
-0.693724	-0.195066
-0.581585	-0.40643
-0.598641	-0.411056
-0.582098	-0.406904
-0.408703	-0.222468
-0.762672	0.396951
-0.936199	0.520562
-0.812332	0.507703
-0.792221	0.457879
-0.775289	0.580712
-0.763733	0.583941
-0.723224	0.62888
-0.680426	0.569439
-0.404552	0.439238
-0.352433	0.55447
-0.20974	0.546882
-0.0449663	0.411655
-0.191266	0.508993
-0.0208092	0.367363
-0.265735	0.437403
-0.35139	0.346294
-0.396776	0.500402
-0.418211	0.633293
-0.221842	0.78073
0.0685463	0.64157
0.0339186	0.497657
-0.0308576	0.374429
-0.0641578	0.403828
-0.0530187	0.232203
-0.224703	0.281577
-0.269932	0.150603
-0.461113	0.100543
-1.46834	-0.117467
-1.39621	0.236623
-0.492118	-0.190889
-0.0814652	0.0080483
-0.144783	0.38421
0.0460403	0.700255
-0.494751	0.661406
-0.641571	0.559398
-0.924745	0.439957
-0.875177	0.471892
-0.874951	0.451674
-0.630268	0.31179
-0.357398	0.51589
-0.408869	0.359396
-0.470557	0.113846
-0.572392	0.0127701
-0.680064	0.064804
-0.585348	0.0656032
-0.774059	-0.204886
-0.698408	-0.046828
-0.610138	-0.0937626
-0.955703	-0.0673617
-0.77568	0.0449207
-0.512024	-0.0750012
-0.48847	-0.0566577
-0.359512	-0.289557
-0.641016	-0.221796
-0.784118	-0.148856
-0.729347	-0.147007
-0.246348	-0.175903
0.0998721	0.217248
0.158163	0.047917
-0.231598	0.114575
-0.41527	-0.17592
-0.510595	-0.334605
-0.444134	-0.251523
-0.449839	-0.0974923
-0.638705	0.0281408
-0.600545	-0.154109
-0.61682	-0.0491708
-0.378126	-0.198431
-0.365012	-0.423522
-0.156003	-0.0976867
-0.263474	0.0228859
-0.217659	0.0670299
-0.180723	0.167458
-0.623082	0.456969
-0.704981	0.265834
-0.847859	0.046378
-0.678343	0.338921
-0.301042	0.237226
-0.432294	0.428763
-0.0878656	0.298256
0.110138	0.376437
0.283315	0.321832
0.481547	0.318495
0.597498	0.296079
0.225742	0.367946
0.13992	0.452654
0.0545137	0.373665
0.0196588	0.200225
-0.154844	0.113607
-0.271831	0.0182456
-0.336627	-0.130587
-0.455012	-0.25984
-0.575779	-0.332974
-0.367386	-0.0256993
-0.466972	-0.295916
-0.562325	-0.00873414
-0.53326	-0.17448
-0.401164	-0.411258
-0.428136	-0.340689
-0.482014	-0.221364
-0.52253	-0.0417028
-0.513626	0.104058
-0.351628	0.0747835
-0.376851	-0.00185121
-0.479915	-0.280897
-0.505146	-0.171925
-0.283558	-0.161669
-0.346169	-0.135051
-0.677546	0.0494074
-0.673237	-0.241008
-0.597902	-0.217461
-0.71436	-0.177092
-0.756688	-0.180978
-0.668931	-0.360792
-0.482937	-0.278244
-0.389526	-0.332755
-0.485547	-0.332565
-0.430076	-0.579849
-0.188952	-0.552706
-0.326553	-0.462383
-0.2891	-0.525413
-0.218504	-0.548806
-0.243604	-0.480737
-0.158046	-0.114888
-0.00958233	-0.298363
-0.162446	-0.562992
-0.289775	-0.495259
-0.232777	-0.314443
-0.455454	-0.394962
-0.696585	-0.443055
-0.792549	-0.43153
-0.703827	-0.258042
-0.846387	-0.18046
-0.579301	-0.204615
-0.649082	-0.188133
-0.732475	-0.308882
-0.816891	-0.308408
-0.711442	-0.351135
-0.675933	-0.331226
-0.788453	-0.340748
-0.335202	0.0392239
-0.770397	-0.227505
-0.703609	-0.293228
-0.877143	-0.0459115
-0.945361	-0.183638
-0.77758	-0.362288
-0.687141	-0.174973
-0.660567	-0.293991
-0.813581	-0.245073
-0.987373	-0.127846
-0.80145	-0.16503
-0.445249	0.147355
0.105713	0.240987
0.091912	0.619015
0.0131372	0.473192
0.0662212	0.24844
-0.125474	0.110036
-0.21812	0.0457931
-0.175256	0.0814738
-0.0276833	-0.00663311
0.177379	-0.0526078
0.203917	-0.0618868
0.398506	0.0863841
0.354443	0.292675
0.183983	0.354988
0.121717	0.159879
-0.0771592	0.0385208
-0.260668	0.122067
-0.293889	-0.00421041
-0.198409	-0.244638
-0.0718176	-0.18441
-0.125452	-0.138603
-0.29011	-0.23205
-0.218786	-0.0706764
-0.0519825	0.072713
0.0760076	0.0895285
0.00456412	0.0706178
0.054336	-0.254175
-0.0803356	-0.41881
-0.287723	-0.466465
-0.574799	-0.39493
-0.655796	-0.412013
-0.453035	-0.441042
-0.546472	-0.344748
-0.317031	-0.258513
-0.352365	0.153239
-0.236195	0.577575
-0.382283	0.432752
-0.0588362	0.598498
-0.0152577	0.771207
0.168891	0.573322
0.520671	0.331084
0.591917	0.364583
0.497113	0.382736
0.267932	0.45702
0.359854	0.209
0.50784	-0.128095
0.31442	0.135817
0.189416	0.0683179
0.347576	-0.0339079
0.230744	0.132536
0.24628	0.109278
0.140208	0.29195
-0.00418039	0.360495
0.0786931	0.44827
0.21226	0.338126
0.108131	0.140847
-0.0267858	-0.0496451
-0.170878	-0.379865
-0.00814531	-0.499049
-0.140519	-0.336534
-0.429638	-0.446079
-0.231475	-0.245876
-0.420076	0.337298
-0.314848	0.466889
-0.494563	0.281264
-0.744853	0.0998515
-0.666666	0.100655
-0.581716	-0.219132
-0.461033	-0.171884
-0.340738	0.354984
-0.588579	0.361097
-0.868184	0.382413
-0.841444	0.581894
-0.777862	0.616944
-0.893807	0.61653
-0.885635	0.38788
-0.610611	0.179511
-0.421467	0.174037
-0.262419	0.162741
-0.149185	0.299113
0.0151866	0.29174
0.0511055	0.389765
-0.0410033	0.56093
0.0821269	0.429573
0.169042	0.289644
0.242997	0.211578
0.229307	0.268561
0.290601	0.425986
0.0307499	0.524901
-0.286785	0.70434
-0.274252	0.654738
-0.252151	0.434622
-0.113936	0.369934
-0.139295	0.103502
-0.0865852	0.0635075
-0.131928	-0.0220919
-0.111371	-0.0980962
-0.0320499	-0.33571
-0.238905	-0.325791
-0.316515	-0.403795
-0.14559	-0.24272
-0.0290344	-0.197313
0.319563	-0.024926
0.451191	0.210121
0.294957	0.327537
0.391875	0.181886
0.340356	0.144303
0.355359	0.327715
0.273506	0.318314
0.223993	0.56707
0.172495	0.242219
-0.109131	0.0560559
-0.334179	-0.118382
-0.499345	-0.326503
-0.784538	-0.325943
-0.816764	-0.283081
-0.85909	0.0309168
-0.978666	0.238838
-0.406618	0.36764
-0.191054	0.303156
0.0186846	0.139309
-0.033315	0.265439
0.0318975	0.19299
-0.128684	0.214607
-0.481483	0.32694
-0.725451	0.42608
-0.804194	0.255635
-0.974076	0.148665
-0.951462	-0.0355986
-0.575192	0.0217172
-0.541073	0.100004
-0.463835	-0.0288813
-0.288703	-0.354874
-0.49754	-0.457703
-0.693428	-0.173236
-0.525076	-0.112258
-0.479338	-0.273836
-0.451601	-0.371088
-0.679857	-0.337231
-0.453946	-0.236624
-0.636401	0.0895274
-0.619166	-0.132449
-0.73042	-0.0598047
-0.817676	-0.295484
-1.00099	-0.121464
-0.798571	-0.224914
-0.990526	-0.320118
-0.865407	-0.271798
-0.884304	-0.165535
-1.06428	-0.334523
-0.719486	-0.247828
-0.931947	-0.278337
-1.03575	-0.27117
-1.05137	-0.421559
-0.753484	-0.261695
-1.01976	-0.22522
-0.74882	-0.285361
-0.89458	-0.147124
-0.92282	-0.244512
-0.73921	-0.422646
-0.997981	-0.496195
-1.02202	-0.173049
-0.962517	-0.257786
-0.929687	-0.36082
-0.823697	-0.283498
-0.93248	-0.344993
-0.638041	-0.111453
-1.13463	0.269654
-0.904723	0.176895
-0.412565	-0.249993
-0.457751	-0.215282
0.0115795	0.156755
0.193168	0.209356
0.193887	0.25903
0.105212	0.227135
0.0987764	0.216685
-0.0686536	0.173823
-0.0520523	0.235962
-0.156395	0.250323
-0.0859734	0.150835
-0.158975	0.25088
-0.658773	0.751324
-0.675303	0.716166
-0.725005	0.815081
-0.739781	0.876276
-0.612838	0.79692
-0.6004	0.85339
-0.514994	0.753607
-0.45876	0.698909
-0.374096	0.417176
-0.508216	0.0672083
-0.500214	0.010898
-0.544444	0.267864
-0.528662	0.482731
-0.76301	0.437575
-0.918491	0.37009
-0.899046	0.245239
-0.823565	0.0501244
-0.845387	-0.108356
-0.837539	-0.230154
-0.851257	-0.281904
-0.763264	-0.2843
-0.6987	-0.282942
-0.515274	-0.269408
-0.372744	-0.156074
-0.210903	-0.0281897
-0.232293	0.110306
-0.0424677	0.107372
-0.20355	-0.0665421
-0.547117	0.087538
-0.515034	0.00418942
-0.542834	-0.156903
-0.711613	-0.461824
-0.776865	-0.236083
-0.76594	-0.147341
-0.859616	-0.202667
-0.420899	-0.0723591
-0.441604	0.333221
-0.580873	0.185914
-1.02879	0.556744
-0.427373	0.42584
-0.737814	0.423362
-0.737732	0.358361
-0.58263	-0.0751575
-0.742452	-0.116107
-0.654865	-0.374495
-0.873097	-0.18751
-0.88013	-0.158923
-0.908158	-0.410971
-0.491949	-0.357232
-0.422546	-0.562511
-0.241244	-0.246589
-0.295411	-0.050399
-0.119481	0.0399911
-0.255328	0.0411541
-0.382616	0.00354756
-0.427118	-0.17998
-0.44368	-0.278383
-0.424809	-0.199197
-0.483097	-0.190778
-0.646719	-0.120744
-0.865279	0.0948862
-0.636446	0.107272
-0.465042	0.200052
-0.590811	0.138106
-0.752844	0.424966
-0.526811	0.64085
-0.228628	0.910923
-0.214065	0.813604
-0.0553461	0.431618
-0.235887	0.455544
-0.506895	0.468509
-0.687812	0.447507
-0.637664	0.381477
-0.544121	0.253651
-0.473355	0.168091
-0.421434	0.0976152
-0.442644	0.0797465
-0.626599	0.0944691
-0.566779	-0.0696397
-0.37285	-0.212172
-0.317868	-0.0979961
-0.277039	0.0419287
-0.305853	0.252546
-0.0593019	0.411467
-0.170597	0.331411
-0.165418	0.276578
-0.323201	0.110263
-0.550918	-0.0104781
-0.573287	-0.379364
-0.654218	-0.228024
-0.378518	-0.485188
-0.461146	-0.225671
-0.582389	-0.279233
-0.456477	-0.373654
-0.549426	-0.165403
-0.737178	-0.178556
-0.542998	0.0211898
-0.542718	0.15193
-0.418191	-0.0683673
-0.416866	-0.0663
-0.409551	-0.139206
-0.524829	-0.0389304
-0.390574	0.00810272
-0.471722	0.200064
-0.0849176	0.531388
0.282852	0.200068
0.304519	0.035454
0.322213	-0.0105088
0.144123	0.2367
-0.298175	0.172984
-0.488411	-0.00164252
-0.586192	0.0234513
-0.572675	-0.207003
-0.666113	-0.128897
-0.716502	-0.109387
-0.833688	-0.197527
-1.01522	-0.224123
-1.05442	-0.22115
-0.980967	-0.171702
-0.887519	-0.0739588
-0.557879	-0.0230233
-0.121101	-0.0926217
-0.232732	-0.208713
-0.393033	-0.366691
-0.610148	-0.486689
-0.529627	-0.517579
-0.575622	-0.553075
-0.44225	-0.662598
-0.583107	-0.510954
-0.709906	-0.399204
-0.771299	-0.305358
-0.474051	-0.195168
-0.0410554	0.212101
0.123719	0.330583
0.201515	0.35896
0.00966058	0.287786
-0.406149	0.36919
-0.481993	0.528514
-0.404534	0.717442
-0.423741	0.849908
-0.12439	0.978865
-0.0914603	0.849295
0.273822	0.950714
0.219882	0.901162
-0.135534	0.984825
-0.0976053	1.01462
0.00720626	0.796973
-0.210301	0.242499
-0.348745	-0.03502
-0.517125	-0.14855
-0.456193	-0.273419
-0.878015	-0.0136882
-0.809722	-0.112437
-1.0746	-0.198647
-0.755404	-0.150586
-0.953362	-0.262361
-0.757822	-0.268206
-0.826264	-0.384132
-0.94103	-0.319062
-0.755948	-0.321978
-0.867622	-0.145021
-0.712158	-0.160216
-0.490937	-0.105835
-0.454334	0.0632564
-0.58464	0.0673821
-0.651509	-0.188758
-0.655589	0.1059
-0.786245	-0.0805922
-0.841955	-0.311337
-0.803532	-0.196785
-0.886162	-0.239398
-0.995125	-0.32537
-0.85584	-0.243864
-0.772378	-0.339782
-0.869554	-0.338755
-0.890679	-0.521022
-0.844015	-0.468764
-0.727998	-0.352514
-0.563621	0.0277657
-0.789819	-0.148728
-0.815275	-0.402372
-0.668806	-0.285593
-0.827707	-0.335561
-0.885757	-0.191419
-0.781867	-0.260321
-0.866818	-0.27807
-0.689585	-0.060392
-0.217888	0.159478
-0.266805	0.180121
-0.740959	-0.0016004
-1.11482	-0.306041
-1.02086	0.0398324
-1.11446	-0.0757978
-1.26645	-0.182444
-1.17563	-0.0104791
-1.10121	0.0906679
-1.03054	0.136715
-0.908967	0.155443
-0.374372	0.094954
-0.533087	0.194648
-0.472959	-0.0232178
-0.878967	0.0607695
-0.858383	-0.178624
-1.29458	-0.263332
-1.08555	-0.148809
-0.559662	0.735594
-0.598832	0.639485
-0.352302	0.571443
-0.341332	0.553047
-0.306097	0.479342
-0.259589	0.294315
-0.174121	0.0572303
0.0971596	-0.0141324
-0.0300672	0.228019
-0.172515	0.290097
-0.32742	0.445878
-0.607072	0.23038
-0.694322	0.0817671
-0.735232	0.00351169
-0.236677	0.291593
-0.516638	0.123281
-0.338791	0.09521
-0.342494	0.0914468
-0.312722	0.127616
-0.185612	0.144358
-0.0843022	0.224044
-0.12071	0.359381
0.247969	0.416185
0.347081	0.209186
0.367961	0.236142
0.159536	0.0950856
0.0534853	0.0489272
-0.471955	0.0595479
-0.287119	0.158539
-0.365357	0.447511
-0.245493	0.466576
0.0223534	0.508552
0.106573	0.244624
0.270296	0.139283
0.218937	0.258498
0.260686	0.682223
0.326984	0.472515
0.226988	0.398613
0.0654707	0.455269
-0.165738	0.580406
-0.143677	0.651283
-0.0189178	0.571717
0.00232127	0.424626
0.0160682	0.496431
0.0106111	0.44603
0.144356	0.592474
0.245948	0.520277
0.0846311	0.494065
-0.116205	0.416059
-0.265135	0.024036
-0.186511	-0.166914
-0.117605	-0.272345
-0.276491	-0.154919
-0.228413	-0.313307
-0.417744	-0.151142
-0.54355	-0.0438797
-0.689617	0.214108
-0.532402	0.34102
-0.384284	0.813233
-0.470306	0.900266
-0.214135	0.73727
-0.292383	0.807519
-0.393952	0.953989
-0.443729	0.946912
-0.423714	1.02183
-0.527198	0.975198
-0.611373	0.98604
-0.643142	1.00138
-0.651649	0.839307
-0.670289	0.71856
-0.784611	0.63389
-0.772975	0.526156
-0.732281	0.438988
-0.735926	0.327125
-0.731608	0.248941
-0.726414	0.166323
-0.689536	0.0954107
-0.595007	0.00124819
-0.52007	-0.0478845
-0.73744	0.374671
-0.943429	0.654858
-0.866074	0.564971
-0.684826	0.431684
-0.829174	0.511885
-0.734453	0.41683
-0.724643	0.360092
-0.866127	0.473918
-0.911346	0.43911
-0.780068	0.315712
-0.827703	0.335594
-0.894884	0.436268
-0.76013	0.328624
-0.581697	0.113527
-0.594793	0.113236
-0.37424	-0.0307313
-0.280042	0.0314912
-0.0818053	0.0910718
0.0996556	0.187565
0.287639	0.299089
0.176644	0.257079
0.284691	0.100713
0.217663	0.0553789
0.161678	-0.0570869
-0.0097321	0.101956
0.0592769	0.167992
-0.33175	0.299226
-0.456673	0.29441
-0.605721	0.450053
-0.674179	0.53332
-0.729771	0.512057
-0.701858	0.415691
-0.484006	0.135451
0.146436	0.461607
0.0808191	0.603436
-0.19418	0.324598
-0.425013	0.158746
-0.384573	0.114695
-0.149514	0.128106
-0.0914297	0.0977017
0.0957478	-0.00667491
0.0148782	0.0118023
-0.0482984	0.149598
-0.0386994	0.180729
-0.0850143	0.156861
-0.0505699	0.0967514
-0.0266792	0.0644153
-0.0944103	0.136344
-0.138052	0.0396686
-0.205453	0.00076685
-0.294396	-0.0463569
-0.377426	-0.0315444
-0.395181	0.0177879
-0.444304	0.0789969
-0.485511	0.0975419
-0.51582	0.0665215
-0.450649	0.111666
-0.426045	0.0720524
-0.230293	-0.00192591
-0.0454713	0.0860296
-0.123136	0.380364
0.120634	0.344848
-0.0705402	0.266901
0.0431437	0.11264
0.203305	-0.219841
-0.265087	-0.129735
-0.486727	-0.0805211
-0.472616	-0.329601
-0.642621	-0.126293
-0.581513	-0.384032
-0.446986	0.0601133
0.106534	0.104336
0.0896407	0.107833
-0.158281	-0.0432836
-0.175763	-0.0315968
-0.0143672	0.0241361
-0.00793238	0.0359234
0.0546572	0.00825462
-0.00344776	0.0859267
-0.00473557	0.201035
0.123327	0.133738
-0.113545	0.0597903
-0.0106487	0.14997
-0.220408	0.150594
-0.274168	0.0118026
-0.491982	-0.0167076
-0.720339	-0.244993
-0.66302	-0.134587
-0.756479	-0.146513
-0.593978	-0.202926
-0.209197	0.509988
-0.181643	0.459643
-0.183679	0.551343
-0.323341	0.56964
-0.260175	0.401545
-0.325782	0.451298
-0.410086	0.470508
-0.42069	0.503991
-0.214821	0.476502
-0.155549	0.371305
0.0233727	0.393495
0.0339629	0.57922
-0.340215	0.5354
-0.15259	0.236902
-0.122059	-0.149628
-0.21016	-0.279072
-0.366738	-0.00402523
-0.400126	0.0326207
-0.64331	-0.177473
-0.669398	-0.291356
-0.60563	-0.209866
-0.588495	-0.308513
-0.607985	-0.0502363
-0.630628	-0.167135
-0.545628	0.26812
-0.278305	0.424277
-0.345716	0.165688
-0.358227	0.171225
-0.375815	0.699514
-0.0575223	0.698837
0.189926	0.522422
-0.56504	0.445216
-0.499961	0.448973
-0.494962	0.465238
-0.171027	0.385008
-0.204931	0.350544
0.0176812	0.154455
0.0837559	0.0210698
0.0290945	-0.0516192
-0.194459	-0.402127
-0.220025	-0.251489
-0.205067	-0.212377
-0.135082	-0.426624
-0.264008	-0.428127
-0.336789	-0.39067
-0.632762	-0.278421
-0.646167	-0.354783
-0.74833	-0.195929
-0.478171	-0.148847
-0.732588	-0.0711
-0.651114	-0.416793
-0.677072	-0.16125
-0.868198	-0.344926
-0.519215	-0.362188
-0.653301	-0.541408
-0.73932	-0.150322
-0.332637	0.0788325
-0.472211	-0.043717
-0.82191	-0.0422122
-0.635095	-0.00232553
-0.252398	0.206881
-0.73293	0.460811
-0.700561	0.464036
-0.331362	0.44798
-0.325008	0.439878
-0.0655429	0.386184
-0.056658	0.314632
0.13063	0.305271
0.0272176	0.313063
0.206435	0.371995
-0.133965	0.275793
-0.233914	0.244665
-0.253401	0.27869
-0.422005	-0.0536479
-0.178412	-0.0797863
-0.0289653	-0.166191
-0.108818	-0.282667
-0.259463	-0.322375
-0.242551	-0.0246232
-0.201565	-0.193551
-0.284126	-0.164365
-0.229083	-0.191938
-0.225997	0.102623
-0.402021	0.0846661
-0.39239	0.0397093
-0.559772	-0.0516611
-0.565024	-0.370771
-0.86895	0.0972938
-0.762655	-0.417803
-0.674795	-0.292854
-0.678929	-0.457622
-0.886021	-0.31408
-0.794102	-0.269824
-0.836588	-0.265634
-0.708883	-0.194105
-0.877813	-0.187591
-0.854801	-0.22855
-0.965381	-0.148956
-1.02734	-0.344427
-0.746804	-0.023429
-0.809805	-0.27995
-0.791971	-0.157947
-0.693418	-0.235313
-0.943038	-0.150274
-0.704453	-0.131658
-0.786312	-0.0977317
-0.903931	-0.236195
-0.689479	-0.177812
-0.769115	-0.274514
-0.721089	-0.167335
-0.33347	-0.0665944
-0.0199051	0.412368
-0.25338	0.415899
0.291432	0.625944
0.338299	0.721865
0.21232	0.851508
0.166227	0.919622
0.0492968	0.96913
-0.024585	0.964993
-0.0729165	0.931303
-0.276267	0.859464
-0.47711	0.668769
-0.793809	0.533306
-0.849128	0.287733
-0.896281	0.128544
-0.537677	-0.260051
-0.290358	-0.348291
-0.256294	-0.17474
-0.568046	0.405577
-0.52818	0.40814
-0.417223	0.273892
-0.556252	0.330985
-0.176257	0.0965953
0.164482	-0.134723
-0.32828	-0.247375
-0.00330618	-0.350864
0.133814	-0.375362
0.271717	-0.376935
0.367692	-0.357601
0.379287	-0.276099
0.408084	-0.261749
0.290399	-0.118617
0.245559	0.2481
-0.138331	0.294685
-0.183398	0.0412465
-0.269693	0.0884307
-0.261985	-0.194874
-0.561156	-0.0641997
-0.87684	-0.211796
-0.740568	-0.175556
-0.486725	0.0901865
0.10324	0.128236
0.240277	0.00389744
0.344244	-0.0521031
0.351574	-0.0293276
0.349711	0.0587657
0.423319	0.0759065
0.0475747	0.281299
0.0122007	0.212497
-0.371247	0.295781
-0.448796	0.337287
-0.318815	0.0936935
-0.396038	-0.00636828
-0.877075	-0.165781
-0.689488	0.0294556
-0.247909	0.0335235
-0.24931	-0.128107
-0.356639	-0.123912
-0.381404	-0.121292
-0.364073	-0.13847
-0.350458	-0.141005
-0.355648	-0.073782
-0.672526	0.317811
-0.668883	0.364246
-0.777226	0.458015
-0.81066	0.482499
-0.663199	0.347662
-0.708584	0.414102
-0.518452	0.322673
-0.595999	0.373797
-0.641085	0.447102
-0.666179	0.492684
-0.669423	0.52774
-0.778626	0.614517
-0.849416	0.602617
-0.636523	0.525695
-0.73885	0.608894
-0.734015	0.651456
-0.655618	0.636421
-0.572943	0.595699
-0.464359	0.612983
-0.374482	0.414031
-0.0132966	0.246299
0.230427	0.112795
0.245417	0.095513
0.287155	0.0936167
0.316393	0.0650558
0.307842	0.105331
0.35103	0.139347
0.32573	0.146341
0.345799	0.170079
0.289257	0.330476
0.216133	0.475949
0.0588139	0.524225
0.130813	0.213049
0.00462448	0.339113
-0.139652	0.100926
-0.082271	0.0934998
0.0530395	0.0693193
-0.0509036	0.176163
-0.293282	0.338152
-0.549595	0.355435
-0.669057	0.286117
-0.8796	0.35805
-0.800576	0.482779
-0.657389	0.615077
-0.564532	0.657569
-0.516145	0.573239
-0.344721	0.332208
-0.23215	0.0709178
-0.244318	-0.0618722
-0.227644	-0.0725843
-0.208823	-0.0696808
-0.259372	-0.00531132
-0.0224887	0.00994014
-0.154264	0.0320934
-0.0856832	0.0122469
-0.0878079	-0.0700809
-0.189555	-0.138695
-0.140162	-0.209427
-0.309371	-0.23061
-0.0452959	-0.140626
-0.336394	-0.104525
-0.125822	0.0444937
-0.304439	0.0957694
-0.26409	0.0319255
-0.373318	0.0577979
-0.51575	-0.0552676
-0.630565	-0.132468
-0.676232	-0.209587
-0.667749	-0.217694
-0.628919	-0.265863
-0.753183	-0.279789
-0.802929	-0.296121
-0.756595	-0.209363
-0.739055	0.193284
-0.620401	0.463274
-0.373053	0.443968
-0.482564	0.560056
-0.311557	0.617146
0.00398086	0.438883
0.210218	0.478884
0.0297239	0.596034
-0.193697	0.358894
-0.0825115	0.260096
-0.232897	-0.0154721
-0.319905	-0.212057
-0.615012	-0.39176
-0.435706	-0.340436
-0.387725	-0.139852
-0.493529	-0.182039
-0.562519	-0.117807
-0.50336	-0.103286
-0.586371	0.0464951
-0.577484	-0.0255177
-0.323143	0.322693
0.143341	0.555595
-0.601115	0.634848
-0.523498	0.624883
-0.418418	0.380165
-0.456809	0.302931
-0.66687	0.216862
-0.251046	0.0612706
-0.611716	0.0800988
-0.157775	0.420108
-0.114726	0.389934
-0.246033	0.0505709
-0.387081	-0.137887
-0.300669	-0.202068
-0.300689	-0.231993
-0.343945	-0.530093
-0.588088	-0.532909
-0.827377	-0.529337
-0.652921	-0.527947
-0.716349	-0.249658
-0.593619	-0.337174
-0.569395	-0.123622
-0.700983	-0.165304
-0.553704	-0.239025
-0.432847	-0.352483
-0.72255	-0.244486
-0.832517	0.132983
-0.576532	-0.04922
0.331055	-0.322891
1.56175e-06	-0.284452
-0.248108	-0.318472
-0.483776	-0.432766
-0.631436	-0.434591
-0.522102	-0.641133
-0.417709	-0.576604
-0.179464	-0.502406
-0.204535	-0.0368583
-0.46772	0.110413
-0.470686	0.356404
-0.347214	0.197599
-0.404679	0.0507895
-0.35044	-0.183657
-0.338625	-0.232768
-0.447933	-0.213942
-0.61119	-0.00658765
-0.548486	-0.179809
-0.362068	-0.374238
-0.244716	-0.193044
-0.613821	0.0545585
-0.417777	-0.0637718
-0.359338	0.271966
-0.227087	0.728546
-0.380075	0.778429
-0.25138	0.814335
-0.0806699	0.826506
-0.113187	0.969841
-0.359147	0.771265
-0.388139	0.168586
-0.507975	-0.00246831
-0.654597	0.0281474
-0.627776	-0.329206
-0.596016	-0.314063
-0.673491	-0.279262
-0.852663	-0.107669
-0.725466	-0.160215
-0.363941	-0.528663
-0.237626	-0.492463
-0.540241	-0.381606
-0.152588	-0.326382
-0.368452	-0.0450245
-0.189153	-0.119295
-0.000659403	0.28772
0.354505	0.378172
0.11495	0.568981
0.242808	0.518895
0.341608	0.469242
0.203652	0.409799
0.0198518	0.496253
0.102807	0.452245
0.0927963	0.56607
0.147623	0.49092
0.050218	0.442037
-0.286759	0.291109
-0.599163	-0.0590705
-0.748383	-0.278119
-0.403145	0.497411
-0.695723	0.331509
-1.02962	0.43157
-0.902138	0.298801
-0.753906	0.431874
-0.757334	0.340229
-0.618792	0.374736
-0.195595	0.348804
-0.239782	0.257395
0.0587704	0.120606
-0.351432	0.186197
-0.703276	0.407398
-0.516925	0.272128
-0.341512	0.16096
-0.0197358	-0.017206
0.363161	0.0169959
0.350752	0.22653
0.360414	0.305469
0.349421	0.536784
0.277821	0.272337
0.322633	0.302898
0.227699	0.0822805
0.372675	-0.0171835
0.236348	0.325563
0.0210627	0.513897
-0.334166	0.427689
-0.297159	0.00322505
-0.262685	0.113634
-0.136692	0.400986
-0.165879	0.378783
-0.285417	0.202448
-0.308896	0.229607
-0.444609	0.00342688
-0.541576	-0.0734836
-0.691155	-0.211856
-0.658567	-0.173507
-0.747172	-0.239807
-0.834313	-0.292464
-0.863445	-0.178767
-0.877045	-0.26001
-0.883165	-0.464597
-1.02612	-0.46287
-0.95026	-0.404683
-0.936359	-0.285383
-0.848127	0.0598863
-0.759504	-0.244524
-0.833509	-0.126641
-0.802998	-0.309585
-0.949284	-0.239072
-0.828536	-0.196967
-0.550462	-0.324503
-0.729994	-0.47326
-0.602733	-0.390292
-0.402658	-0.180324
-0.402563	-0.289077
-0.506343	-0.477293
-0.418455	-0.395987
-0.450171	-0.555099
-1.02813	-0.305468
-0.599275	-0.568057
-0.451219	-0.528434
-0.387361	-0.41498
-0.239852	-0.323123
-0.197854	-0.280168
-0.170975	-0.265634
-0.236039	-0.276142
-0.335728	-0.318282
-0.418386	-0.283321
-0.498632	-0.381024
-0.512074	-0.406674
-0.571299	-0.413537
-0.653882	-0.453476
-0.705582	-0.41218
-0.806269	-0.276757
-0.797321	-0.217564
-0.651413	-0.27858
-0.840256	0.111598
-0.242377	0.526503
-0.14629	0.461595
-0.0343713	0.60685
0.0310052	0.419916
-0.0828284	0.188497
-0.144891	0.0329598
-0.272346	-0.209485
0.214577	-0.370084
0.312957	-0.310304
0.091938	-0.220716
-0.19007	-0.239901
-0.379682	-0.0297588
0.0955397	0.307312
0.231549	0.520701
0.15976	0.220237
0.370828	0.0324236
0.405859	-0.0493599
0.429686	0.0344714
0.354988	0.142941
0.518549	0.0827004
0.593766	0.00131264
0.606388	-0.0249759
0.833907	-0.28281
0.683847	-0.179386
0.637456	-0.249346
0.564043	-0.107735
0.423241	0.016956
0.207127	0.0321648
0.174009	0.155089
0.0707548	0.0477607
-0.309948	0.244888
-0.34398	0.314575
-0.528225	0.220636
-0.427712	0.0514992
-0.652668	0.0915266
-0.944365	0.355074
-0.970582	0.502191
-0.858392	0.448409
-0.9651	0.608747
-0.852351	0.619106
-0.750756	0.675035
-0.723387	0.732405
-0.72302	0.783043
-0.595266	0.795746
-0.511825	0.802191
-0.437991	0.8153
-0.476492	0.856932
-0.547844	0.783584
-0.640659	0.751201
-0.747721	0.631855
-0.810083	0.340595
-0.705813	0.212801
-0.478144	-0.0834802
-0.321308	-0.0658791
-0.291235	-0.0549274
-0.0562072	-0.0149613
0.0509577	-0.0140663
0.0358297	0.0812327
0.397835	0.0593172
0.390826	0.242636
0.159455	0.254377
0.565992	0.365746
0.682717	0.381253
0.672784	0.542799
0.609375	0.512323
0.205192	0.313642
-0.0289372	0.439287
-0.203224	0.153258
-0.317105	0.137357
-0.305646	0.0355875
-0.257351	-0.105215
-0.378499	-0.292411
-0.568067	-0.193978
-0.352651	-0.424041
-0.38041	-0.262818
-0.275873	-0.234653
-0.451301	-0.333272
-0.448951	-0.271846
-0.443417	-0.337058
-0.566933	-0.0874
-0.455439	-0.211347
-0.334547	-0.406553
-0.581459	-0.470172
-0.711492	-0.326486
-0.67226	-0.29422
-0.64182	-0.2375
-0.666045	-0.0190793
-0.67162	0.27641
-0.582364	0.553525
-0.317578	0.52901
-0.00303925	0.495739
0.0617837	0.567384
-0.051404	0.657482
-0.101229	0.498566
-0.384249	0.304492
-0.330709	0.0581633
-0.416235	-0.0198686
-0.672352	-0.142525
-0.221374	-0.177045
0.229949	-0.259201
-0.268526	-0.202301
-0.593012	-0.370402
-0.418025	-0.487565
-0.4617	-0.279329
0.138421	0.337671
0.164247	0.460914
0.0556959	0.553301
-0.364246	0.332239
-0.653337	0.393551
-0.684826	0.490559
-0.654523	0.419128
-1.02657	0.783502
-0.920101	0.738433
-0.721551	0.611145
-0.488364	0.314192
-0.40545	-0.0597064
-0.790365	0.0356606
-0.816345	0.0472568
-0.849421	0.0915074
-0.796489	-0.00870257
-0.929867	0.0623401
-0.508932	0.182311
-0.489041	0.400501
-0.670262	0.148507
-0.475488	0.420021
-0.646559	0.516602
-0.573541	0.31853
-0.630142	0.551823
-0.578301	0.276484
-0.631035	0.397015
-0.60473	0.325083
-0.638107	0.160408
-0.540729	0.111945
-0.900809	-0.0207484
-0.784165	-0.0604582
-0.698844	-0.105508
-0.654128	-0.257862
-0.642766	-0.335934
-0.992947	-0.227624
-0.575632	-0.212744
-0.764955	-0.28257
-0.75306	-0.400749
-0.764096	-0.0984722
-0.917897	-0.243004
-0.653461	-0.210462
-0.724075	-0.264807
-0.762422	-0.311897
-0.673111	-0.111361
-0.984966	-0.374918
-1.07578	-0.0899238
-0.768271	-0.144422
-0.603458	-0.31985
-0.760258	-0.310221
-0.792106	-0.173374
-0.631595	0.043682
0.00672624	0.381952
-0.356536	0.428588
0.00106795	0.302702
-0.218285	0.180647
-0.340732	0.0138516
-0.30618	0.0700027
-0.562032	0.127219
-0.477342	-0.105202
-0.291454	-0.152568
-0.202624	-0.253358
-0.248859	-0.102076
-0.114086	-0.220738
-0.187587	-0.109152
-0.161532	-0.113253
-0.0641856	-0.0665427
-0.159121	-0.0386477
-0.227851	0.053693
-0.253977	0.219769
-0.477548	0.593386
-0.357728	0.654065
-0.311846	0.665899
-0.249451	0.460247
-0.377575	0.396786
-0.08693	0.192628
-0.116561	0.210733
-0.170767	0.199806
-0.445444	0.258805
-0.844715	0.188481
-1.0562	0.210818
-0.871947	-0.190168
-1.00192	-0.163074
-0.664206	-0.0885727
-0.320611	0.127402
-0.0563294	0.148514
0.0662896	0.104566
0.272638	-0.00373053
0.31749	0.10912
0.221598	0.13961
-0.085086	0.362732
-0.150734	0.475861
-0.359367	0.277703
-0.577003	0.0798399
-0.389817	-0.100891
-0.564089	-0.263822
-0.611218	-0.10418
-0.511229	-0.187605
-0.280674	-0.293121
-0.127286	-0.424625
-0.373277	-0.460309
-0.31344	-0.289833
-0.389287	-0.309872
-0.542104	0.023347
-0.6788	0.0527213
-0.689392	0.454971
-0.498002	0.480287
-0.508096	0.312249
-0.379824	0.110783
-0.333457	0.0238015
-0.278243	-0.0236721
-0.250252	-0.125879
-0.267076	-0.176827
-0.245316	-0.292063
-0.271584	-0.271331
-0.250778	-0.294121
-0.27136	-0.28172
-0.175156	-0.313829
-0.071292	-0.390261
-0.124118	-0.311299
-0.0683556	-0.303177
-0.249261	-0.238389
-0.0566726	-0.366911
0.0705679	-0.469184
0.0225515	-0.476566
0.150013	-0.586822
0.22158	-0.633932
0.127677	-0.605254
-0.0105593	-0.522725
-0.000540389	-0.544924
-0.0113145	-0.494404
0.131056	-0.356001
0.206687	-0.086702
-0.127002	0.219486
-0.23103	0.234757
0.100512	0.16584
0.144874	0.00801356
0.194955	-0.0445337
-0.0147549	0.155433
0.267523	-0.151383
-0.00906584	-0.340672
0.0463658	-0.520651
0.0238411	-0.321107
-0.12347	-0.369424
-0.446051	-0.20592
-0.426061	-0.391913
-0.620483	-0.406025
-0.673773	-0.513232
-0.608819	-0.103983
-0.692501	-0.0915821
-0.574067	0.0253861
0.0316222	0.214889
0.0228213	0.199119
-0.0312928	0.0784422
0.0422435	-0.156815
-0.180642	0.0406284
-0.350312	0.16065
-0.557495	0.584523
-0.708768	0.635762
-0.660279	0.657498
-0.636727	0.653563
-0.537309	0.607073
-0.621242	0.691721
-0.571662	0.708259
-0.509868	0.750669
-0.631163	0.894442
-0.636408	0.879249
-0.574549	0.983385
-0.317827	0.964243
-0.380493	0.873686
-0.429124	0.675395
-0.402836	0.308375
-0.606641	0.177535
-0.740891	0.206327
-0.812889	0.208785
-0.827977	0.258076
-0.954755	0.339713
-0.895208	0.306962
-0.876804	0.358855
-1.00903	0.471122
-0.923773	0.694252
-0.29818	0.467624
-0.0195873	0.396996
-0.338923	0.231413
-0.319473	0.279856
-0.268775	0.229575
-0.341667	0.132122
-0.311882	-0.304873
0.069165	-0.305255
-0.181391	-0.064871
-0.586239	0.346819
-0.691273	0.131634
-0.422542	0.29911
-0.465092	0.142893
-0.158321	0.25458
-0.393022	0.23055
-0.0847844	-0.113367
-0.0585419	-0.190795
-0.334209	-0.171204
-0.590023	-0.0243009
-0.541809	0.0107402
-0.484886	0.0692939
-0.276103	0.125181
0.0632039	0.174548
-0.137083	0.0696699
-0.271491	-0.110328
-0.805469	-0.0604743
-1.02742	-0.212234
-0.795835	-0.0603758
-0.335046	0.136568
-0.391723	0.157832
-0.523714	0.0888079
-0.799119	0.114184
-0.766946	0.0836186
-0.532287	0.0109347
-0.443123	-0.0192599
-0.415956	0.536778
-0.532248	0.552366
-0.658015	0.554818
-0.643069	0.653092
-0.66419	0.626446
-0.594453	0.540937
-0.391872	0.595696
-0.0181198	0.703785
0.151356	0.861592
0.209981	0.86152
0.186933	0.940231
0.133703	0.976085
-0.0163939	0.851254
-0.198401	0.536809
-0.300089	0.262497
-0.378546	0.230542
-0.399679	0.182455
-0.485601	0.166487
-0.492769	0.197969
-0.580182	0.169068
-0.97298	0.438057
-0.871749	0.63232
-0.774301	0.526432
-0.921348	0.567697
-0.991848	0.562642
-0.933414	0.527938
-0.889857	0.152078
-0.726011	-0.109396
-0.594729	-0.313372
-0.617977	-0.377273
-0.605941	-0.36697
-0.666738	-0.316165
-0.581826	-0.34954
-0.554199	-0.248288
-0.699084	0.0821668
-0.708465	0.205635
-0.631513	0.110989
-0.443866	0.156412
-0.130563	0.092979
0.139189	0.33211
0.0262752	0.455064
-0.0303051	0.434558
-0.092562	0.133462
-0.253798	-0.109531
-0.443574	-0.17392
-0.489295	-0.221376
-0.695229	0.128749
-1.0077	-0.131874
-0.832383	-0.0797623
-0.79118	0.282714
-1.20382	0.336579
-0.759385	0.637046
-0.540734	0.28065
-0.138844	0.143219
-0.0433811	0.250258
-0.0183079	0.346783
0.0479584	0.29089
0.0646287	0.192999
0.0408954	0.135668
-0.0633837	0.280895
-0.163525	0.118553
-0.275366	0.250575
-0.46089	0.0712444
-0.215247	0.0829998
-0.478999	-0.00983393
-0.678645	-0.0420064
-0.758148	-0.0957339
-0.92186	-0.233956
-0.617151	-0.0459095
-0.592947	0.136432
-0.0862221	-0.0330146
-0.0133307	-0.577984
0.0877226	-0.57004
0.00751691	-0.559788
-0.14315	-0.59971
-0.485494	-0.320733
-0.398288	-0.346146
-0.243779	-0.348175
0.134575	-0.212926
0.139805	0.0749904
0.0816774	0.08887
0.120949	-0.0318559
-0.0689298	-0.245882
-0.115644	-0.400712
-0.190915	-0.383929
-0.150289	-0.531535
-0.0799266	-0.503304
-0.30407	-0.433216
-0.151462	-0.183713
-0.157686	-0.445446
-0.272567	-0.143599
-0.515978	-0.165147
-0.619154	-0.0138506
-0.0669458	0.206984
-0.109464	0.0417122
0.0100531	-0.403778
-0.317568	-0.336531
-0.44033	-0.158231
-0.485682	-0.00871523
-0.133522	0.0611216
0.285951	-0.0389951
0.386492	0.181341
0.488423	0.39358
0.423859	0.304741
-0.11195	0.234119
-0.480471	0.0881814
-0.488533	-0.114623
-0.504581	0.106587
-0.66649	0.103353
-0.611842	-0.0566093
-0.24977	-0.0109741
-0.00508156	0.485352
0.424069	0.400118
0.224862	0.47907
-0.0458806	0.519995
-0.0383673	0.469831
-0.252511	0.624396
-0.228525	0.558811
-0.0831254	0.42458
-0.174541	0.457113
-0.216468	0.476204
-0.11882	0.417813
-0.135178	0.421356
-0.0594303	0.573244
-0.033355	0.505463
0.215561	0.145966
0.325387	-0.297607
0.0911778	-0.0770466
-0.0470953	0.00918244
-0.239027	0.124619
-0.314667	0.323965
-0.361169	0.380008
-0.718917	0.410537
-0.885172	0.428351
-0.887126	0.322814
-0.840857	0.243839
-0.828551	0.228933
-0.833643	0.209801
-0.830902	0.194438
-0.738192	0.168363
-0.201152	0.548592
-0.289189	0.51955
-0.396092	0.380595
-0.183314	0.419509
-0.242958	0.301268
-0.410877	0.3551
-0.412389	0.391919
-0.390751	0.183591
-0.361152	0.543603
-0.322564	0.442885
-0.311415	0.351185
-0.371613	0.259366
-0.498538	0.162468
-0.425176	-0.0483426
-0.404029	-0.116547
-0.364547	-0.247606
-0.411568	-0.416703
-0.441842	-0.13234
-0.0879599	-0.25451
-0.275534	-0.337819
-0.441555	-0.177023
-0.403178	-0.174615
-0.530944	-0.178326
-0.666157	-0.0619148
-0.785973	-0.239346
-0.827281	-0.167209
-0.813579	-0.294651
-0.874813	-0.125949
-0.859319	-0.119911
-0.671019	-0.11811
-0.678277	-0.142798
-0.655987	-0.1292
-0.794045	-0.113907
-0.410972	-0.142104
-0.225567	-0.153534
0.147623	0.14321
0.320224	-0.0453464
0.321219	-0.194611
0.33472	-0.149758
0.299555	-0.328771
0.0396326	-0.105544
-0.320279	0.276191
-0.455188	0.293438
-0.4524	0.194304
-0.629807	0.352634
-0.536537	0.179031
-0.475613	-0.114149
-0.427632	-0.503332
-0.608536	-0.532131
-0.484853	-0.600157
-0.66078	-0.495546
-0.837172	-0.401806
-0.657689	-0.511525
-0.404698	-0.576984
-0.280876	-0.563725
-0.263603	-0.491506
-0.258035	-0.412573
-0.158859	-0.318531
-0.155017	-0.134244
0.0552588	-0.101475
0.0380041	0.0609524
-0.0867077	0.170307
-0.399097	0.462379
-0.548025	0.29727
-0.637642	0.323279
-0.59734	0.192914
-0.390904	0.316699
-0.364113	0.033685
-0.318681	0.0790164
-0.243958	0.016323
-0.191169	0.212241
0.114272	0.0685234
0.174595	-0.112066
-0.0715088	-0.271389
-0.272169	-0.14017
-0.39672	-0.0563406
-0.523166	0.0389333
-0.40473	-0.0703675
-0.463819	-0.0649575
-0.452644	-0.0984868
-0.491609	-0.0514497
-0.574423	0.203187
-0.618656	0.530422
-0.554936	0.773781
-0.238829	0.283492
-0.295215	0.286327
-0.400895	0.415366
-0.279133	0.375661
0.00430562	0.403263
0.0486897	0.398261
0.203261	0.37305
0.00703951	0.505858
-0.327883	0.13844
-0.109383	0.0506841
-0.234673	0.15957
-0.404947	-0.129624
-0.450274	-0.254607
-0.252348	-0.2692
-0.390566	-0.10466
-0.549378	0.2613
-0.642558	0.334287
-0.643553	0.330418
-0.742763	-0.0178124
-0.727448	-0.15167
-0.699846	-0.172306
-1.02927	-0.162699
-0.93905	0.288062
-0.532755	0.564574
-0.40244	0.55211
-0.682162	0.794685
-0.704687	0.756598
-0.75021	0.716321
-0.68348	0.490617
-0.293518	0.521737
-0.552638	0.233728
-0.799168	0.116258
-0.823381	0.0814461
-0.873727	-0.105243
-0.756551	-0.197985
-0.785412	-0.2216
-0.788328	-0.205085
-0.721048	-0.16902
-0.694765	-0.0319583
-0.691664	-0.020423
-0.436253	-0.184003
-0.0079085	-0.201036
0.018632	0.0729505
-0.0606216	0.399661
-0.264388	0.529741
-0.160083	0.158992
-0.432967	0.193901
-0.558981	0.0160346
-0.473204	0.00556047
-0.665364	-0.215
-0.637264	-0.307505
-0.628917	-0.105255
-0.44556	-0.101087
-0.327727	-0.17619
-0.416101	-0.173605
-0.678914	-0.0513887
-0.619985	-0.054286
-0.411655	0.088654
-0.167248	0.163741
0.0114032	0.151206
0.0529338	0.210611
-0.235385	0.0699744
-0.455408	-0.052908
-0.423084	-0.218642
-0.751601	0.084552
-0.738662	-0.0139883
-0.951576	-0.0481905
-0.795362	-0.0998964
-0.675795	0.0125108
-0.711397	-0.0332878
-0.68854	-0.134118
-0.577295	-0.21307
-0.403536	-0.281818
-0.623865	-0.0310773
-0.884859	0.361322
-1.04079	0.367949
-0.972027	0.302512
-1.00854	0.353224
-0.737234	0.039915
-0.528158	-0.150389
-0.338699	-0.345709
-0.507716	-0.365688
-0.629864	-0.405149
-0.737034	-0.372829
-0.824724	-0.286503
-0.886473	-0.189794
-0.922279	-0.0917724
-0.801626	-0.0259018
-0.47051	0.0892843
-0.202821	0.0545712
-0.313293	-0.0630382
-0.407115	-0.344151
-0.691768	-0.328366
-0.903261	-0.182285
-0.943059	-0.0392027
-0.49434	0.326133
-0.393304	0.595279
-0.115845	0.505808
-0.326957	0.753778
-0.267118	0.827823
-0.30128	0.880631
-0.430895	0.892322
-0.146564	0.608476
-0.178812	0.558417
-0.0156668	0.62525
0.0916225	0.351199
-0.184286	0.285806
-0.104776	0.476603
-0.0845565	0.391566
-0.0772671	0.444174
-0.108846	0.487644
-0.262727	0.563917
-0.554983	0.350457
-0.82783	0.127142
-0.531014	0.0733375
-0.643915	-0.0201929
-0.878833	0.00202238
-0.59987	-0.209569
-0.475503	-0.309571
-0.362465	-0.415596
-0.0996191	-0.388799
0.0475552	-0.234807
-0.0925137	0.0015247
-0.344007	0.200881
-0.863257	0.185397
-0.66051	0.00964253
-0.43563	-0.0774202
-0.573134	-0.115734
-0.60304	-0.19018
-0.791159	-0.165585
-0.755696	-0.168035
-0.979039	-0.120799
-0.735501	-0.251226
-0.348775	-0.20076
0.0335126	0.0355934
0.2161	0.0241229
0.273737	-0.0798261
0.0452755	0.1471
-0.409795	0.521077
-0.485191	0.553678
-0.569961	0.584805
-0.591985	0.533153
-0.653158	0.535751
-0.597514	0.422585
-0.733247	0.594567
-0.648999	0.456724
-0.617956	0.405148
-0.647082	0.52553
-0.703491	0.687453
-0.677985	0.578755
-0.562067	0.341231
-0.374379	-0.12317
-0.392722	-0.234228
-0.505897	-0.244085
-0.714605	-0.129363
-0.778552	-0.150531
-0.797819	-0.112941
-0.499585	-0.273214
-0.540232	0.0131562
-0.469942	0.200311
-0.515562	0.523809
-0.677455	0.466869
-0.877477	0.545131
-0.855888	0.534569
-0.696563	0.431849
-0.456248	0.239801
-0.505569	0.278692
-0.451799	0.19684
-0.0469723	-0.119851
0.248678	-0.10067
0.200394	0.28033
0.449075	-0.025366
0.170069	-0.0114839
0.194664	-0.253822
0.393638	-0.546368
-0.00413422	-0.51239
-0.207767	-0.372829
-0.11024	-0.654427
-0.0336331	-0.540904
-0.153636	-0.443494
-0.461941	-0.192505
0.120209	-0.0754128
0.205212	-0.0222235
0.0326636	0.0061982
-0.117506	-0.102004
-0.331872	-0.175696
-0.253935	-0.215394
-0.118774	-0.0974201
-0.0603463	0.324994
-0.41497	0.465176
-0.931911	0.0224877
-0.820992	0.0194787
-0.0625772	0.165135
0.144358	0.374608
-0.29046	0.185967
-0.468616	-0.048733
-0.574587	-0.059005
-0.601705	-0.157259
-0.618442	-0.262429
-0.779267	-0.257027
-0.976296	-0.279932
-1.01165	-0.317209
-0.998826	-0.288428
-0.953339	-0.332727
-0.948716	-0.356939
-1.04109	-0.256823
-1.06068	-0.121776
-0.599584	-0.213488
-0.728629	-0.20929
-0.380275	0.139064
-0.8107	0.156051
-0.268423	0.240447
-0.69125	0.330762
-0.229244	0.300807
-0.506727	0.474082
-0.249475	0.386827
-0.153982	0.502975
-0.229414	0.370775
-0.143883	0.392579
-0.202331	0.280416
-0.334405	0.0904639
-0.622442	-0.100816
-0.637976	0.087509
-0.690182	-0.206816
-1.27593	-0.618448
-0.922831	-0.41595
-0.799778	-0.190983
-0.667352	-0.305959
-0.739191	-0.25071
-0.759489	-0.193442
-0.760778	-0.282941
-0.808486	-0.187193
-0.772034	-0.102621
-0.879565	-0.229756
-0.777783	-0.314313
-0.742422	-0.245664
-0.774334	-0.46133
-0.716062	-0.154245
-0.565075	-0.279181
-0.617624	-0.154559
-0.811931	-0.0823125
-0.826559	-0.231257
-0.781558	-0.452289
-0.742679	-0.314976
-0.490392	-0.0961109
0.278696	0.430158
0.00327724	0.561928
-0.184269	0.632207
-0.2231	0.760978
-0.262429	0.73478
-0.469361	0.683939
-0.451432	0.840578
-0.416634	0.798173
-0.400217	0.771855
-0.317852	0.723243
-0.441234	0.761119
-0.401812	0.729464
-0.310793	0.614077
-0.317561	0.73105
-0.275045	0.715627
-0.316848	0.663523
-0.302852	0.399576
-0.0679823	0.368734
0.202832	0.112665
0.422678	-0.134376
0.468738	-0.339292
0.531356	-0.0960095
0.289233	-0.00373667
-0.107511	-0.0111148
-0.314854	-0.143687
-0.266387	-0.337692
-0.428977	-0.341863
-0.398521	-0.596873
-0.551101	-0.332344
-0.597627	-0.358259
-0.50988	-0.243032
-0.649946	-0.0351066
-0.812758	0.237735
-0.744016	-0.106963
-0.638586	-0.396742
-0.903806	-0.28668
-1.02054	-0.160701
-0.977943	-0.0653668
-0.921887	0.133549
-0.711543	0.351693
-0.531855	0.607234
-0.26821	0.750381
-0.126749	0.879318
-0.0254959	0.211572
-0.087171	0.193353
-0.065231	0.26471
-0.117121	0.308871
0.0411919	0.447975
-0.126895	0.457388
-0.211153	0.476249
-0.0547697	0.497642
-0.174543	0.475487
-0.580385	0.0881331
-0.781297	0.18136
-0.62781	-0.14213
-0.802623	-0.118611
-0.820399	-0.21157
-0.779737	-0.235252
-0.75715	0.03265
-0.759924	0.104017
-0.708231	0.0993496
-0.689829	-0.00324901
-0.740049	-0.166037
-0.73178	-0.184601
-0.7421	-0.139117
-0.734215	-0.0731776
-0.614348	0.00520152
-0.355438	0.000841505
-0.321485	0.00908755
-0.333658	0.102743
-0.383134	-0.0816014
-0.260265	-0.336803
-0.0351076	-0.376107
-0.316676	-0.285132
-0.240607	-0.212842
-0.398997	-0.204683
-0.204145	-0.0186774
-0.068177	0.46348
-0.466039	0.45035
-0.359938	0.0270089
-0.423925	0.162714
-0.456369	0.157727
-0.36391	0.227605
-0.471179	0.445147
-0.276338	0.335796
-0.0562136	0.0289624
-0.119032	-0.0140268
-0.175277	-0.0406264
-0.380418	0.449167
-0.662625	0.735337
-0.614086	0.721277
-0.751157	0.675989
-0.979675	0.766213
-1.04344	0.652033
-0.673568	0.346065
-0.371324	0.0467757
-0.666414	-0.283293
-0.511839	-0.394809
-0.594162	-0.33579
-0.592803	-0.325307
-0.552403	-0.182693
-0.313337	-0.205025
-0.0457587	0.138611
-0.125159	-0.0233029
-0.090671	-0.227633
-0.0891878	-0.55255
-0.0628266	-0.505274
-0.219373	-0.431126
-0.41676	-0.280703
-0.546778	-0.111859
-0.407443	0.0638889
-0.528168	0.078463
-0.684335	-0.04294
-0.530577	0.225286
-0.44382	0.176839
-0.403131	-0.129592
-0.657666	-0.0932966
-0.589694	-0.0695235
-0.639418	-0.0136944
-0.514074	-0.112238
-0.515301	-0.120218
-0.527618	-0.148172
-0.535666	-0.197089
-0.631631	-0.224113
-0.776126	-0.201252
-0.747981	-0.316231
-0.626907	-0.346882
-0.506223	-0.395906
-0.213877	-0.485334
-0.247188	-0.1433
-0.406248	0.128944
-0.939991	0.694556
-1.18888	0.581776
-1.07309	0.41646
-0.501546	0.351524
-0.0913506	0.189341
-0.265627	0.185485
-0.11883	0.0018375
-0.105618	0.216696
-0.33668	0.27453
-0.472637	0.456014
-0.259216	0.392627
-0.328119	0.333142
-0.288303	0.464609
-0.166844	0.472552
-0.37559	0.506291
-0.246016	0.522103
-0.214602	0.806395
-0.280077	0.723778
-0.413963	0.673762
-0.256804	0.847834
-0.327842	0.851848
-0.0341013	0.787458
-0.203576	1.08843
-0.151637	1.01999
-0.205234	1.13062
-0.108675	1.01188
-0.230721	0.869738
-0.331856	0.779401
-0.381059	0.644343
-0.31386	0.375486
-0.556903	0.300124
-0.727338	0.355692
-0.880613	0.392373
-0.685594	0.31972
-0.833493	0.310027
-0.637809	0.543427
-0.711102	0.286614
-0.587435	0.269728
-0.521966	0.28589
-0.577496	0.143981
-0.562876	0.0452433
-0.830959	0.190791
-0.748023	-0.151875
-0.70987	-0.247217
-0.618797	-0.41573
-0.672574	-0.251074
-0.652881	-0.332749
-0.687299	-0.299228
-0.895608	-0.120435
-0.554433	-0.336014
-0.791907	-0.171993
-0.78676	-0.0894395
-0.782198	-0.218505
-0.777021	-0.129678
-0.638108	-0.294528
-0.878056	-0.242207
-0.803124	-0.167034
-0.95257	-0.14328
-0.839284	-0.184761
-0.980531	-0.229749
-0.791231	-0.25987
-0.789583	-0.350059
-0.831189	-0.212553
-0.84375	-0.354762
-0.795764	-0.194978
-0.460363	0.286259
-0.603533	0.2876
-0.573358	0.268063
-0.521052	0.269266
-0.365683	0.480375
-0.42493	0.196915
-0.499054	0.412552
-0.344091	0.713377
-0.143675	0.569865
0.281842	0.160631
-0.0370829	0.217987
-0.132815	0.0826951
-0.159504	-0.0405285
-0.281462	-0.257325
-0.435042	-0.0760785
-0.515707	-0.00406049
-0.540938	0.0652464
-0.49166	0.128617
-0.129525	0.283957
-0.242278	0.411779
-0.261599	0.315547
-0.330996	0.354173
-0.298083	0.318837
-0.564674	0.476136
-0.631034	0.664782
-0.581468	0.671743
-0.362881	0.634142
-0.0796888	0.443565
-0.076445	0.501148
-0.149068	0.50844
0.0634675	0.389339
-0.0407552	0.437072
0.215561	0.404419
0.346676	0.259339
0.169154	0.393406
0.189302	0.51364
-0.529594	0.841898
-0.79245	1.03746
-0.939067	1.08218
-1.17429	0.949109
-1.16736	0.757792
-0.857684	0.313522
-0.707317	0.0863512
-0.612573	-0.0426258
-0.538792	-0.125697
-0.444402	-0.127366
-0.287336	-0.233593
-0.24619	-0.21692
-0.0725079	-0.24728
0.0380865	-0.371178
0.110677	-0.25499
0.0891468	-0.0388359
-0.188955	0.241279
-0.253127	0.0732253
-0.371217	-0.19972
-0.349957	0.0680651
-0.213182	0.295362
0.0340246	-0.267987
0.0831872	-0.288473
-0.0151652	-0.275348
-0.065786	-0.245959
-0.190171	-0.0544297
-0.194399	0.0227818
-0.259699	0.110243
-0.461251	0.478277
-0.567682	0.578235
-0.423377	0.515137
-0.284104	0.618273
-0.121648	0.63998
-0.118905	0.618628
-0.113117	0.654625
0.0559076	0.409214
0.0250347	0.208273
-0.50404	0.123577
-0.563368	-0.107779
-1.2219	-0.0353193
-0.973898	0.0323207
-0.52574	0.321648
-0.650708	0.355925
-0.505642	0.230178
-0.322541	0.159033
-0.419202	-0.0450707
-0.431603	-0.13421
-0.390524	-0.0241447
-0.401886	0.463728
-0.437532	0.299831
-0.558891	0.309595
-0.611527	0.312901
-0.755742	0.407043
-0.743326	0.319681
-0.811218	0.318577
-0.84899	0.174833
-0.605259	-0.383072
-0.477111	-0.436962
-0.548971	-0.322999
-0.69888	-0.0847748
-0.599264	-0.0762378
-0.482459	-0.0036288
-0.371834	0.149825
-0.389986	0.344139
-0.311742	0.471751
-0.240396	0.715543
-0.437248	0.926312
-0.340949	0.955685
-0.273676	0.948494
-0.247259	0.927864
-0.234557	0.929832
-0.211227	0.946021
-0.274848	0.857856
-0.317376	0.84098
-0.368657	0.772279
-0.547899	0.683442
-0.776354	0.608537
-0.81867	0.405317
-0.859408	0.212204
-0.905707	0.0697872
-0.880114	-0.0629791
-0.696318	-0.206905
-0.665165	-0.0597108
-0.585504	0.163794
-0.364546	0.186495
-0.221115	0.322784
-0.314089	0.496507
-0.209076	0.62788
-0.30527	0.50745
-0.11566	0.605484
-0.197771	0.530752
-0.248917	0.402225
-0.278546	0.157487
-0.582307	0.179622
-0.720649	-0.0346673
-0.698051	-0.150685
-0.572306	-0.21389
-0.763842	-0.27973
-0.690833	0.0497403
-0.463538	0.212164
-0.36178	-0.363942
-0.41544	-0.383256
-0.783773	-0.231524
-0.883388	-0.259634
-0.764448	-0.301156
-0.858931	-0.140626
-0.880753	-0.0393046
-0.602355	-0.115554
-0.244019	-0.099128
-0.511117	-0.316553
-0.465674	-0.422906
-0.435119	-0.214596
-0.589272	-0.0812276
-0.610066	-0.0817663
-0.569122	-0.0531978
0.163182	-0.461701
0.324475	-0.735824
0.0438207	-0.332733
-0.512191	0.00963334
-0.596046	0.434159
-0.513948	0.378787
-0.81	0.11043
-0.595792	0.0471523
-0.529873	0.0236557
-0.689849	-0.198251
-0.987635	-0.172692
-0.677801	-0.191667
-0.61559	-0.256726
-0.196923	0.151911
0.0371051	0.5132
0.155956	0.528791
0.0851621	0.557062
0.0512599	0.539675
0.196436	0.573107
0.180901	0.565608
0.307754	0.269599
-0.0090644	0.0111301
-0.0785697	-0.214355
0.0811243	-0.457862
-0.00477357	-0.279625
-0.0381225	-0.414077
-0.150794	-0.250068
-0.22787	-0.39232
-0.317815	-0.334065
-0.561767	0.0205887
-0.431678	0.519392
-0.414423	0.700785
-0.298084	0.724347
-0.330193	0.767337
-0.416488	0.87805
-0.536016	0.931827
-0.59479	0.657626
-0.756097	0.76048
-0.74694	0.54532
-0.76254	0.417262
-0.0820621	0.274871
-0.0950753	0.313444
-0.0333258	0.160295
0.12425	0.20979
0.0617188	0.1629
0.023846	0.351521
-0.0134864	0.309656
-0.182569	0.499952
-0.371523	0.205681
-0.499015	0.275483
-0.99351	0.386959
-0.847075	0.411042
-0.748726	0.383648
-0.590811	0.360791
-0.443708	0.418786
-0.255281	0.472538
-0.17492	0.547999
-0.101494	0.0644068
-0.340877	-0.118263
-0.392367	-0.292574
-0.291537	0.0922284
-0.293021	-0.0899284
-0.153359	-0.273188
-0.294195	-0.0295284
-0.312867	-0.0518061
-0.254252	0.0320791
-0.16794	0.135637
-0.196566	0.121118
-0.229643	0.0918257
-0.245648	0.204151
-0.361989	0.245149
-0.164672	-0.115691
-0.33231	-0.420378
-0.295157	-0.295401
-0.206987	-0.462102
-0.431878	-0.239523
0.0533779	-0.355982
-0.0353149	-0.304338
-0.170111	-0.222545
-0.00587373	-0.154194
-0.0871323	-0.147599
-0.100031	-0.243745
-0.00155682	-0.536998
0.0773513	-0.371558
0.0700975	-0.311235
-0.0487676	-0.4703
-0.00524777	-0.578603
-0.0221324	-0.362904
-0.266885	-0.389009
-0.414621	-0.333802
-0.591865	-0.363338
-0.744761	-0.100652
-0.653008	-0.165006
-0.678545	-0.146742
-0.724182	-0.292607
-0.867501	0.00648687
-0.645558	-0.0550036
-0.77257	-0.0385287
-0.741293	-0.175122
-0.702462	-0.169407
-0.857219	-0.149295
-0.818177	-0.232587
-1.03205	-0.342883
-0.860016	-0.49882
-0.971331	-0.45003
-0.852459	-0.304218
-0.962509	-0.338672
-0.915201	-0.24383
-1.03787	-0.276578
-1.09499	-0.344594
-0.936111	-0.207358
-0.98558	-0.32283
-0.894258	-0.417742
-0.926011	-0.192697
-1.03757	-0.131078
-0.815931	0.000961362
-1.07123	-0.328702
-0.970367	-0.260688
-0.460863	-0.130686
-0.690563	-0.0750128
-0.276409	0.0366142
-0.403777	0.181404
-0.46869	-0.00331562
-0.505532	-0.164513
-0.495563	-0.0736042
0.476135	0.930662
0.44712	0.927301
0.259381	1.02029
0.435406	0.982547
0.184678	0.969508
0.292137	0.950422
0.339057	0.965664
0.263749	0.9624
0.1585	1.05659
0.357988	0.963331
-0.250915	0.607636
-0.350415	0.200351
-0.527846	-0.0875957
-0.61574	0.0742677
-0.645096	-0.0838915
-0.578789	-0.0373196
-0.849895	0.226457
-0.594188	0.355914
0.152042	0.736989
-0.348432	1.03317
-0.425427	0.759362
-0.429062	0.523633
-0.638353	0.499965
-0.658946	0.361534
-0.843748	0.444067
-0.903253	0.510401
-0.925184	0.639174
-0.775675	0.709139
-0.615974	0.809343
-0.331598	0.942024
0.0186627	1.03579
0.227921	0.918915
-0.177206	0.744125
-0.29982	0.493398
-0.233235	0.534335
-0.197001	0.692192
-0.164242	0.58351
-0.0712662	0.751218
-0.0523507	0.855795
-0.117552	0.844551
-0.351853	0.588414
-0.493704	0.331387
-0.617874	0.220572
-0.500524	0.0206173
-0.724636	0.0857114
-0.574104	-0.0791211
-0.497946	-0.189743
-0.416586	-0.166444
-0.207578	-0.0759685
-0.30539	0.296897
-0.516682	0.709859
-0.285011	0.447154
-0.00670879	0.22441
-0.304068	0.209583
-0.54903	-0.196746
-0.608142	-0.212452
-0.582036	-0.139588
-0.704086	-0.163631
-0.790143	-0.0971411
-0.776521	-0.0995723
-0.743423	0.00521356
-0.549582	0.00352671
-0.452582	-0.0320411
-0.424979	-0.157135
-0.59343	-0.387326
-0.727365	-0.269769
-0.750769	-0.145739
-0.561066	-0.0780435
-0.33874	0.00297164
-0.253406	0.339766
-0.406788	0.612518
-0.31863	0.571037
-0.364966	0.641774
-0.64465	0.657578
-0.785029	0.613624
-0.731064	0.419303
-0.782366	0.49507
-0.956897	0.477583
-0.99086	0.361199
-0.927061	0.346831
-0.682473	0.137234
-0.797725	0.136652
-0.824522	0.377234
-0.781078	0.577414
-0.640604	0.72165
-0.466243	0.78695
-0.399819	0.608674
-0.315504	0.577044
-0.305764	0.562368
-0.0360444	0.379154
0.0947633	0.273507
0.217505	0.355132
0.276779	0.261819
0.21268	0.285188
0.342417	0.23729
0.337614	-0.123231
0.0931746	-0.231103
-0.171767	-0.504157
-0.227032	-0.287461
-0.112077	-0.144217
0.0649325	0.307197
-0.126024	-0.148476
-0.141864	-0.25379
-0.217872	-0.30599
-0.420339	-0.194555
-0.520171	-0.0185138
-0.767047	0.362099
-0.72686	0.420265
-0.786661	0.500548
-0.794647	0.482176
-0.86124	0.450752
-1.02288	0.522175
-1.06055	0.433403
-0.941277	0.211917
-1.01637	0.196937
-1.04641	0.0395237
-0.958095	-0.0804629
-0.522633	-0.00617847
-0.061923	0.105821
0.154872	0.263867
0.203688	-0.0246642
0.206841	-0.336749
0.0464194	-0.509182
-0.136584	-0.251504
-0.488941	-0.470918
-0.535365	-0.40932
-0.667079	-0.143816
-0.565858	-0.12436
-0.505416	-0.463583
-0.593618	-0.367398
-0.27024	-0.207787
-0.082825	-0.552186
-0.361926	-0.655505
-0.539039	-0.24171
-0.581459	-0.0392038
-0.874293	0.208945
-0.963596	0.253588
-0.905217	0.260842
-0.784343	0.20449
-0.766395	0.24671
-0.561205	0.251225
-0.240814	0.289604
-0.0108444	0.307569
0.00560952	0.293189
-0.297795	0.363799
-0.317931	0.00850525
-0.69995	0.0694211
-0.83042	-0.0525215
-1.02292	-0.154647
-0.482064	-0.14377
-0.403133	-0.112791
-0.865029	0.400627
-0.493295	0.401555
-0.389992	0.605697
-0.455688	0.392331
-0.524679	0.37104
-0.638173	0.282284
-0.752603	0.223389
-0.843034	0.250983
-0.914896	0.291372
-0.883595	0.366722
-0.795591	0.356329
-0.800947	0.302206
-0.804324	0.32652
-0.716944	0.320947
-0.741701	0.285257
-0.542314	0.138278
-0.222605	0.197283
-0.165997	0.26892
-0.338687	0.222065
-0.235739	0.264019
-0.248169	0.0962422
-0.409703	0.279726
-0.346201	0.43512
-0.31667	0.996554
0.302307	0.811683
0.274146	0.908025
0.118627	0.854731
0.192763	0.700115
0.160824	0.842238
0.170794	0.880096
0.105482	0.496681
0.0195339	0.548496
0.149729	0.171267
0.0637298	0.0829885
-0.144857	0.0271189
0.0786802	-0.0871072
0.292701	-0.177586
0.202295	-0.306484
-0.0530669	-0.124983
-0.108288	-0.107519
-0.344655	-0.175649
-0.251104	-0.302975
-0.165865	-0.147768
-0.228313	-0.151281
0.105365	-0.281051
0.109743	-0.247818
-0.0893927	-0.310352
-0.151307	0.00629787
-0.242984	-0.0843738
-0.23497	-0.174164
-0.569394	-0.0883646
-0.259787	-0.175722
-0.56177	-0.0995634
-0.53256	-0.147935
-0.666665	-0.192544
-0.651229	-0.264127
-0.727066	-0.153974
-0.489827	-0.0292936
-0.587164	0.0441918
-0.776928	-0.196911
-0.791286	-0.300574
-0.598785	-0.0550029
-0.684999	-0.169618
-0.651233	-0.15894
-0.842781	-0.249894
-0.794479	-0.230591
-0.717409	-0.4322
-0.907008	-0.504609
-0.87352	-0.421608
-0.748901	-0.318938
-0.498538	-0.342021
-0.435082	-0.367374
-0.410389	-0.318631
-0.36508	-0.190114
-0.432629	-0.335137
-0.501906	-0.135636
-0.501482	-0.202324
-0.352216	-0.147893
-0.26183	0.10106
-0.388174	0.737145
-0.511356	0.794985
-0.577536	0.864059
-0.513417	0.915056
-0.441629	0.946575
-0.537278	0.987299
-0.110742	0.775156
0.0130622	0.607749
0.0365283	0.619609
-0.0974032	0.188536
-0.261457	0.0132259
-0.304959	-0.0649639
-0.335483	-0.201431
-0.510396	-0.0562534
-0.52813	-0.177653
-0.708128	-0.265419
-1.01061	-0.37008
-0.576581	-0.157773
-0.597493	0.118205
-0.624403	0.0182919
-0.761453	-0.17267
-0.947196	-0.174108
-1.04758	-0.166308
-0.91134	-0.331937
-0.967972	-0.330221
-0.947283	-0.35587
-0.982093	-0.368742
-1.08353	-0.332733
-1.1394	-0.264722
-1.16447	-0.235881
-1.14742	-0.265684
-1.17507	-0.188006
-1.11911	-0.166132
-1.04616	-0.0597639
-0.932408	0.064789
-0.752223	0.0715925
-0.66274	0.118285
-0.723993	0.45194
-0.526302	0.457106
-0.209825	0.38176
-0.226301	0.191016
-0.213684	0.290166
-0.0777409	0.295869
0.125093	0.149416
0.0936779	0.32595
-0.153822	0.386302
-0.326814	0.294051
-0.175874	-0.0967061
-0.00701741	-0.223175
0.0430774	-0.0684205
-0.0297504	-0.245437
0.0573732	-0.307549
-0.0185014	-0.303041
-0.374151	-0.11262
-0.533644	0.130775
-0.622221	-0.112883
-0.422994	-0.075914
-0.404102	0.344347
-0.459925	-0.103625
-0.669608	-0.218461
-0.611218	-0.328727
-0.617794	-0.252956
-0.737624	-0.183274
-1.00333	-0.152396
-0.883997	-0.264149
-0.731808	-0.281538
-0.798312	-0.319
-0.558287	-0.0411995
-0.716145	0.125325
0.0221463	0.0980884
-0.19511	0.328799
-0.233446	0.43031
-0.132402	0.330454
-0.103506	0.324646
-0.431158	0.466714
-0.747239	0.645816
-0.630377	0.641652
-0.700048	0.70254
-0.62305	0.614808
-0.585322	0.601962
-0.450746	0.40825
-0.470383	0.30354
-0.534789	0.418223
-0.539754	0.291337
-0.815367	0.513421
-0.661059	0.393301
-0.748115	0.210862
-0.886157	0.314928
-0.853035	0.333495
-0.816195	0.150531
-0.764011	0.13439
-0.790361	0.23782
-0.794069	0.272736
-0.758583	0.300637
-0.794592	0.330222
-0.770834	0.368978
-0.753822	0.372225
-0.786616	0.372168
-0.790351	0.366117
-0.759193	0.340179
-0.796083	0.324842
-0.779122	0.343634
-0.717605	0.251907
-0.305947	0.0795266
-0.0699609	0.112413
-0.239484	0.503426
-0.0818507	0.183761
-0.0639371	-0.0290559
-0.132073	-0.0811253
-0.351777	-0.0768602
-0.432498	-0.0128287
-0.271727	-0.221113
-0.371211	-0.390668
-0.40904	-0.189778
-0.49676	-0.375395
-0.484487	-0.475298
-0.535124	-0.361193
-0.24537	-0.247199
-0.120675	-0.186516
-0.733726	-0.267329
-1.10235	-0.186817
-0.787301	-0.279357
-0.88873	-0.24649
-0.817101	-0.189505
-0.770432	-0.267083
-0.732537	-0.243539
-0.774401	-0.40582
-0.831622	-0.263958
-0.820108	0.441042
-0.855264	0.775672
-0.871518	0.302972
-0.584632	0.399734
-0.226536	0.522344
-0.61185	0.418578
-0.309248	0.13798
0.0746503	0.242618
0.340546	0.28569
0.252765	0.383754
0.0856069	0.180492
0.136683	0.295955
0.265218	0.207359
0.359068	0.253457
0.458161	0.402081
0.328278	0.322789
0.217741	0.344015
-0.134604	0.305373
-0.379716	0.482593
-0.525844	0.700975
-0.490833	0.790568
-0.400067	0.829811
-0.375405	0.684017
-0.250482	0.56299
-0.0815751	0.498218
-0.0811656	0.352903
-0.0192726	0.253704
-0.113519	0.520298
-0.142461	0.212242
-0.212085	0.301886
-0.141122	0.228681
-0.169099	0.356198
-0.167492	0.444601
-0.409443	0.332713
-0.648573	0.223489
-0.594085	0.374998
-0.409963	0.694811
-0.298563	0.864378
-0.316128	0.995792
-0.27753	1.01665
-0.172206	1.05823
-0.173619	1.07119
-0.211072	1.04416
-0.208291	1.04217
-0.14874	1.05701
-0.132515	1.09545
-0.162801	1.06227
-0.249525	1.04909
-0.298863	0.950612
-0.349018	0.850384
-0.463294	0.800431
-0.546095	0.655863
-0.632822	0.495933
-0.591975	0.361959
-0.528698	0.193851
-0.601687	0.125228
-0.721496	0.0871489
-0.442004	0.0501379
-0.591192	0.061288
-0.508252	-0.0182498
-0.52279	-0.140032
-0.584593	0.107433
-0.422487	0.185245
-0.417775	0.043264
-0.318549	0.264933
-0.442975	-0.0996129
-0.719768	0.078183
-0.805475	-0.23463
-0.630639	-0.299149
-0.644153	-0.243766
-0.475724	-0.258294
-0.496475	-0.325311
-0.529873	-0.283097
-0.545783	-0.418228
-0.372224	-0.143275
-0.11168	-0.0673949
-0.23386	-0.264801
-0.249017	-0.481454
-0.264175	-0.566314
-0.474626	-0.667622
-0.564608	-0.527425
-0.730141	-0.209513
-0.606824	-0.199115
-0.773654	-0.21182
-0.662543	-0.369982
-0.607593	-0.281475
-0.745166	-0.148326
-0.67169	-0.147482
-0.749436	-0.108642
-0.879076	-0.178183
-1.06646	-0.163182
-1.06971	-0.0675611
-0.822267	-0.0756392
-1.05007	-0.0417522
-1.01362	-0.0842614
-0.968255	0.0633457
-1.03676	0.0448283
-1.15561	0.115431
-0.6946	0.437717
-0.762581	0.389665
-0.776809	0.339247
-0.61787	0.343351
-0.629136	0.417221
-0.628783	0.528124
-0.583641	0.633016
-0.575413	0.732948
-0.465621	0.678009
-0.419132	0.628015
-0.509408	0.641213
-0.636889	0.592377
-0.699583	0.519954
-0.801715	0.423718
-0.862118	0.345154
-0.862008	0.23815
-0.679158	0.108047
-0.587354	0.0893171
-0.782807	0.492876
-0.519746	0.395998
-0.541632	0.436188
-0.503235	0.496093
-0.368105	0.366013
-0.403554	0.492665
-0.300399	-0.00141278
-0.571231	-0.176198
-0.80322	-0.2167
-0.93297	-0.147295
-0.851591	-0.212334
-0.637459	-0.11783
-0.705321	-0.157068
-0.894104	-0.0687536
-0.978096	-0.0886107
-1.0214	-0.103218
-0.956528	-0.159859
-0.87382	-0.242195
-0.870932	-0.269275
-0.840891	-0.238321
-0.897898	0.229067
-0.676932	0.506747
-0.32226	0.33716
-0.247118	0.466894
-0.0732031	0.505521
0.00211822	0.525564
-0.213386	0.535402
0.0179487	0.251087
-0.249231	-0.0149776
-0.124191	-0.279092
-0.319132	-0.119217
-0.561759	-0.0294106
-0.28122	-0.116309
-0.39509	-0.173379
-0.318635	-0.199633
-0.75929	-0.0572394
-0.720757	0.0825947
-0.591487	0.0872406
-0.657462	-0.168199
-0.557042	-0.36423
-0.75122	-0.260879
-0.774387	-0.299522
-0.75757	-0.306145
-0.702264	-0.324712
-0.67031	-0.282917
-0.624913	-0.192615
-0.453853	-0.186518
-0.351787	-0.0259173
-0.168758	-0.120701
-0.33925	-0.11251
-0.469135	-0.0341769
-0.395518	-0.411066
-0.561827	-0.26435
-0.530991	-0.360331
-0.438627	0.0459796
-0.252318	-0.0256728
-0.242107	-0.258492
-0.5187	-0.203563
-0.574042	-0.326487
-0.565749	-0.249733
-0.630037	-0.167366
-0.579696	-0.176072
-0.560154	0.0265955
-0.236332	0.034776
-0.0413033	0.0538939
-0.0790686	0.0138747
-0.190504	0.107014
0.01665	-0.00963561
-0.0213765	-0.0928334
0.378663	-0.184204
0.407826	0.146597
0.285112	0.148479
0.266623	0.269695
0.13337	0.108361
-0.259734	0.190266
-0.31238	0.120314
-0.269508	0.0686266
-0.234932	0.0707501
-0.560805	0.296548
-0.842286	0.349159
-0.798533	0.393171
-0.922137	0.553337
-0.922875	0.573558
-0.872402	0.531107
-0.60551	0.18993
-0.357429	-0.194894
-0.543595	-0.307972
-0.436546	-0.312332
-0.544582	-0.188087
-0.481188	-0.0530497
-0.722642	0.680527
-0.658791	0.68958
-0.59942	0.841411
-0.504754	0.687001
-0.148465	0.828624
-0.0354311	0.577705
-0.0663807	0.192527
-0.314595	0.129659
-0.370264	-0.18204
-0.689537	-0.121109
-0.71685	-0.127361
-0.323345	-0.126446
0.0827174	0.0912614
-0.139088	0.00061827
-0.133247	-0.0732287
-0.124762	-0.0287317
-0.0344979	0.00440396
0.137047	-0.025252
0.235418	-0.0286417
-0.226111	0.270261
-0.431189	0.219587
-0.486084	-0.0213752
-0.733382	-0.0747159
-0.704858	-0.183533
-0.908926	-0.263255
-0.702054	-0.0584939
-0.0505935	-0.179934
-0.296088	0.0473174
-0.276568	-0.219752
-0.310506	-0.27471
-0.227803	-0.31896
-0.294191	-0.0880367
-0.518521	0.154147
-0.541787	0.21656
-0.542514	0.26137
-0.49588	0.218032
-0.524086	0.16299
-0.518047	0.268667
-0.585421	0.281814
-0.503541	0.24343
-0.348381	0.253133
-0.253292	0.251937
-0.324268	0.311016
-0.243414	0.0221003
-0.119384	0.419035
-0.15283	0.731449
-0.339416	0.79763
-0.466603	0.83519
-0.443587	0.697982
-0.192504	1.05612
-0.217796	1.16542
-0.234395	1.17289
-0.339854	1.28248
-0.142308	1.12867
-0.184365	1.04294
-0.228778	1.14565
-0.320591	1.12367
-0.406543	1.19552
-0.455576	1.08941
-0.458675	0.94564
-0.619535	0.710782
-0.365477	0.70545
-0.469932	0.415433
-0.407869	0.172136
-0.515714	-0.116254
-0.513357	-0.0892888
-0.528683	-0.204773
-0.501757	-0.242169
-0.395043	-0.369339
-0.418571	-0.489484
-0.473428	-0.367809
-0.616627	-0.346192
-0.558217	-0.353603
-0.518571	-0.225154
-0.789375	-0.542133
-0.735916	-0.442891
-0.755478	-0.350709
-0.731892	-0.295197
-0.887945	-0.0746495
-0.758694	-0.310821
-0.831565	-0.341368
-0.869669	-0.360479
-0.778575	-0.28791
-0.771191	-0.117324
-1.00361	-0.289838
-0.923917	-0.304672
-0.764532	-0.36879
-0.813119	-0.0925919
-1.16298	0.0539342
-0.944928	-0.303772
-0.779932	-0.361476
-0.877633	-0.304034
-0.740734	-0.347925
-0.676592	-0.161597
-0.76827	-0.14139
-0.790368	-0.169605
-0.793326	-0.295722
-0.624329	-0.216611
-0.914764	-0.120415
-0.665349	-0.10048
-0.360675	0.116886
0.013932	0.326523
-0.277428	0.214707
-0.592676	0.283569
-0.774324	0.329194
-0.518141	0.431153
-0.623556	0.11134
-0.822928	-0.0655107
-0.736008	-0.0957021
-0.562046	-0.212404
-0.426115	-0.23083
-0.39614	-0.165358
-0.19698	-0.0578835
-0.0924569	0.140242
0.218223	0.26509
-0.00140129	-0.060919
0.152833	-0.360714
-0.0815906	-0.482092
-0.401398	-0.515244
-0.471234	-0.550031
-0.458761	-0.380171
-0.380079	-0.383796
-0.23916	-0.0270069
-0.345774	-0.0999832
-0.343152	-0.247129
-0.39268	-0.196707
-0.616148	-0.0958601
-0.738841	-0.190054
-0.756508	-0.188147
-0.446801	-0.171149
-0.403145	0.0193338
-0.234687	-0.0134124
-0.164078	0.00462163
-0.0340893	-0.126159
0.121789	-0.14563
-0.154433	0.15728
-0.0863066	0.106762
-0.278614	0.0633006
-0.848387	0.261982
-0.716023	0.118226
-0.305813	0.313251
-0.376772	0.0702286
-0.173438	-0.372312
-0.220764	-0.323619
-0.260666	-0.348603
-0.240732	-0.370527
-0.392124	-0.282204
-0.346311	-0.35647
-0.483383	-0.360908
-0.480373	-0.355321
-0.374356	-0.471388
-0.338393	-0.369341
-0.507286	-0.435689
-0.445149	-0.642965
-0.569419	-0.462432
-0.579747	-0.454268
-1.02238	-0.100744
-0.807224	-0.0245133
-0.732331	0.0380928
-0.600296	0.103801
-0.453304	0.280431
0.0486902	0.0827803
0.194611	0.134421
-0.181582	0.133065
-0.00975808	-0.110112
-0.230863	-0.28299
-0.527245	-0.403869
-0.646802	-0.392906
-0.565424	-0.219176
-0.485363	-0.109766
-0.118913	0.217003
0.0980888	0.0204313
0.13584	0.223617
0.0388804	0.147075
-0.213078	0.0777346
-0.250432	-0.0728856
-0.00789679	0.0319219
0.104886	0.248159
0.248562	0.112282
0.410334	0.0113705
-0.124645	-0.00492204
-0.608674	0.079059
-0.551391	0.105473
-0.470725	0.0786789
-0.503261	-0.273328
-0.888828	-0.273217
-0.793199	-0.215174
-0.5809	-0.270689
-0.865985	-0.127392
-0.369058	0.145493
-0.68888	-0.0189989
-0.628681	-0.0703192
-0.696604	-0.0240341
-0.727514	0.00864826
-0.723374	0.106983
-0.750803	0.33345
-0.546175	0.36946
-0.44446	0.489521
-0.314701	0.494472
-0.588005	0.357599
-0.442147	0.421354
-0.409468	0.263599
-0.710632	0.0913257
-0.686266	-0.0513799
-0.290411	-0.1173
-0.410196	-0.0302464
-0.305653	-0.0497966
-0.0168473	-0.0148827
-0.449458	0.202981
-0.154637	-0.00472619
-0.222247	0.0816745
-0.206512	-0.0463861
-0.31503	-0.141594
-0.39758	-0.113615
-0.34331	-0.213743
-0.317018	-0.29089
-0.187779	-0.266321
-0.159443	-0.0961599
-0.0991511	0.161693
-0.154093	0.1051
-0.235051	0.084592
-0.511973	-0.15522
-0.522278	-0.198673
-0.379125	-0.0479878
-0.801467	-0.20199
-0.774796	-0.051577
-0.443706	0.380475
-0.221984	0.174578
-0.867069	0.320587
-1.09541	0.314505
-0.269587	0.564722
-0.978204	0.40811
-0.865251	0.307094
-0.894005	0.253068
-0.762376	0.312714
-0.908491	0.321795
-0.904903	0.337563
-0.969493	0.333773
-1.05867	0.291766
-1.09282	0.402745
-1.13352	0.394353
-0.982109	0.312572
-0.940617	0.255129
-0.805531	0.271973
-0.78323	0.363838
-0.644293	0.386511
-0.611153	0.353796
-0.620502	0.227029
-0.528564	0.130571
-0.690468	0.387948
-0.590186	0.836124
-0.374463	1.16377
-0.265588	1.23711
-0.0757189	1.08541
0.124097	1.03693
-0.0124534	0.938714
-0.0544212	1.0325
-0.0926035	0.947895
-0.111747	0.815439
-0.0492831	0.620453
-0.183232	0.363976
-0.0429614	0.0780988
-0.152916	-0.0371678
-0.10629	-0.244663
-0.163754	-0.211236
-0.0721568	-0.488956
0.0384998	-0.443153
0.0720847	-0.153369
-0.296213	-0.162629
-0.158942	-0.382608
-0.222679	-0.388023
-0.268847	-0.308522
-0.211	-0.394816
-0.291137	-0.00280823
-0.266035	0.105012
-0.328228	-0.198224
-0.206081	-0.366715
-0.392304	-0.297042
-0.457137	-0.440558
-0.346619	-0.272775
-0.446124	-0.56892
-0.736761	-0.383778
-0.587413	-0.193854
-0.714354	-0.368479
-0.709764	-0.268888
-0.820999	-0.309569
-0.898744	-0.222139
-0.964356	-0.226301
-0.454908	-0.0895803
-0.736718	0.00805164
-0.809671	0.0106654
-0.715612	0.0683408
-0.54887	0.232848
-0.622446	0.344962
-0.530959	0.316672
-0.357848	0.382296
-0.213218	0.467974
0.118635	0.211011
-0.202385	0.345386
-1.21267	0.0430411
-0.80644	0.250691
-0.506764	-0.210378
-0.0817402	-0.0349886
0.058753	-0.0945787
-0.218613	-0.379499
-0.483979	-0.34505
-0.608568	-0.206557
-0.455985	-0.286932
-0.643278	-0.231699
-0.600059	-0.101561
-0.438336	-0.159119
-0.483551	-0.0603383
-0.5726	0.25387
-0.762694	0.624794
-0.737046	0.500453
-0.688001	0.450051
-0.7951	0.433947
-0.704698	0.206167
-0.578829	0.041632
-0.23245	-0.265631
-0.283343	-0.310901
-0.185727	-0.264662
-0.095653	-0.259323
-0.00385246	-0.186344
0.0466804	-0.059229
0.168501	-0.057484
0.224117	-0.0378744
0.264565	0.0637797
0.333325	0.102021
0.27511	0.209077
0.292408	0.18144
0.30172	0.0742977
0.223196	0.0281709
0.266523	0.0527489
0.169066	-0.00439494
0.164781	-0.0455504
0.0459937	-0.0111617
-0.0164968	-0.120694
0.00251086	-0.246792
-0.0138556	-0.372594
-0.0812894	-0.436671
-0.176838	-0.456798
-0.194823	-0.510178
-0.272442	-0.433277
-0.18416	-0.530913
-0.51548	-0.203715
-0.595444	0.289621
-0.831338	0.586152
-0.768144	0.535277
-0.829836	0.630545
-0.672489	0.683009
-0.615909	0.703318
-0.383415	0.6153
-0.291374	0.582206
-0.108912	0.6339
0.000963074	0.410711
-0.481376	0.312088
-0.838103	0.10842
-0.395933	0.1284
-0.535417	0.0861072
-0.278235	-0.0641924
0.045503	0.353914
-0.301753	0.835733
0.10314	0.94275
-0.144089	0.211458
-0.596261	0.14974
-0.700691	0.0520081
-0.595126	-0.10921
-0.662578	-0.27511
-0.734671	-0.289034
-0.633083	-0.234358
-0.518455	-0.249601
-0.883465	0.424288
-0.761648	0.233482
-0.964219	0.386154
-0.948035	0.290424
-0.976427	0.114739
-0.497587	-0.459636
-0.78517	-0.558003
-0.887704	-0.425254
-0.811589	-0.204908
-0.586713	-0.222082
-0.353494	-0.224116
-0.164172	0.0950672
-0.143059	0.34357
-0.21646	0.169536
-0.311837	0.0752445
-0.472731	0.0757978
-1.1217	0.0514092
-1.2089	-0.0140803
-0.741916	0.264835
-0.555499	0.452351
-0.637539	0.196864
-0.538264	-0.0724296
-0.930904	0.137885
-0.990792	0.199294
-0.450031	0.183014
-0.101965	0.285079
-0.178535	0.195864
-0.272154	0.310909
0.0104061	0.218016
0.230139	0.157723
0.0740885	0.35744
0.0347422	0.338108
-0.0906045	0.336985
0.0618478	0.169613
-0.248491	0.0877267
-0.132786	0.169529
-0.0932827	0.135261
0.147718	0.720404
0.0958996	0.919724
-0.345352	0.804146
-0.649848	0.681519
-0.989443	0.482505
-0.944315	0.283427
-0.860136	0.175677
-0.103336	0.124617
-0.108112	0.225523
-0.0624083	0.218181
-0.0478969	0.084333
-0.0158453	0.0551692
0.269881	-0.085929
0.241027	0.145604
0.307917	-0.0942842
0.139139	0.125646
0.0505774	0.254737
0.0832592	0.0581403
-0.165852	0.032909
-0.383676	-0.0720982
-0.486525	-0.113392
-0.792574	-0.19252
-0.812094	-0.11027
-0.676628	-0.181881
-0.823367	-0.226926
-0.855241	-0.177001
-0.757754	-0.254569
-0.765078	-0.385088
-0.576477	-0.665393
-0.542012	-0.567619
-0.368762	-0.490038
-0.433983	-0.431677
-0.67722	-0.239624
-0.734176	-0.164604
-0.768293	-0.146734
-0.716443	-0.272692
-0.850449	-0.208113
-0.870289	-0.342553
-0.760093	-0.293872
-0.758086	-0.208434
-0.698962	-0.295202
-0.806769	-0.0823838
-0.880619	-0.199259
-0.756005	-0.218253
-1.02725	-0.191404
-0.882341	-0.202153
-0.733108	-0.334316
-0.82644	-0.169941
-0.904074	-0.327789
-0.798578	-0.196247
-0.707128	-0.266202
-0.570033	-0.0525563
-0.472123	0.0320341
-0.489535	0.0333344
-0.727805	-0.193186
-0.948961	-0.200218
-0.949068	-0.278779
-0.908425	-0.35549
-0.920103	-0.274849
-0.718249	-0.349981
-0.559322	-0.340834
-0.42096	-0.222849
-0.205627	-0.0785349
-0.0166373	0.0137802
0.139006	0.0379487
0.127881	0.0743824
0.281708	0.119136
0.230224	0.139994
0.305525	0.116051
0.239844	0.0892148
0.274619	0.123789
0.255482	0.0623188
0.239083	0.0262989
0.0806291	-0.01434
-0.12889	0.030301
-0.289891	0.027879
-0.468345	0.190204
-0.551497	0.42778
-0.522649	0.644868
-0.498897	0.772914
-0.446801	0.812887
-0.43883	0.864296
-0.481711	0.788687
-0.565315	0.709359
-0.708839	0.619998
-0.877449	0.517874
-1.08615	0.471663
-1.13892	0.322052
-0.937677	0.325416
-0.768154	0.340743
-0.38836	0.153698
-0.558318	0.203648
-0.378641	0.466286
-0.424172	0.573691
-0.297141	0.729939
-0.394395	0.596462
-0.53879	0.532744
-0.64292	0.612397
-0.563536	-0.0917727
-0.492519	-0.452617
-0.4744	-0.523042
-0.445676	-0.538989
-0.474469	-0.537352
-0.405571	-0.566704
-0.435454	-0.524506
-0.392059	-0.481084
-0.448008	-0.354077
-0.429897	-0.299441
-0.284209	-0.332208
-0.0928567	-0.312823
0.106277	-0.0876077
0.136542	0.216837
0.110598	0.284015
0.453363	-0.140421
0.330298	-0.325106
0.221722	-0.304586
0.0750506	-0.0525074
-0.20223	-0.0943973
-0.475244	0.0157214
-0.498002	-0.136624
-0.492568	0.241564
-0.689426	0.138175
-0.534539	0.0134545
-0.165109	0.287636
-0.370721	0.340101
-0.410858	0.432974
-0.601999	0.611861
-0.636649	0.610446
-0.596162	0.659822
-0.579207	0.625149
-0.471585	0.449688
-0.340287	0.386458
-0.060009	0.454552
0.00436516	0.13635
-0.362828	0.162423
-0.594294	0.0189708
-0.63159	0.00927489
-0.347308	0.0998881
-0.397707	-0.116086
0.105285	-0.284691
0.0859248	-0.341662
0.0475923	-0.260932
0.0788254	-0.095928
0.127892	0.179455
0.366043	-0.0635455
0.151961	-0.0574109
0.0978893	-0.143779
-0.0583236	-0.296499
-0.348239	-0.286755
-0.544457	-0.242215
-0.77762	-0.0305665
-0.905356	0.0138603
-0.670639	0.186854
-0.5625	0.18544
-0.68388	-0.0147259
-0.414329	-0.220006
-0.567627	-0.0772842
-0.463418	0.0507214
-0.46974	0.184665
-0.373828	0.194701
-0.330084	0.0993676
-0.303687	-0.073881
-0.467485	-0.0146354
-0.688726	-0.220914
-0.74486	-0.215245
-0.62555	-0.104726
-0.81828	0.159024
-0.989181	0.0717374
-0.670568	0.30551
-0.829234	0.304824
-0.940158	0.300764
-0.824379	0.217551
-0.854048	0.256869
-0.701658	0.209702
-0.722219	0.29521
-0.576135	0.237171
-0.606646	0.485237
-0.703649	0.618994
-0.605094	0.447936
-0.440291	0.451203
-0.293916	0.373914
-0.0391877	0.462592
0.20256	0.482928
0.527094	0.16757
0.227594	0.184916
0.327229	-0.138449
-0.169462	0.0407382
-0.126027	-0.321337
-0.495752	-0.298698
-0.561116	-0.047132
-0.558077	0.0401848
0.00706186	0.383133
-0.152575	0.228362
-0.17173	0.0483155
-0.272133	-0.0848503
-0.148594	-0.364079
-0.108809	-0.3832
-0.0641398	-0.346207
0.0238005	-0.336859
0.0951793	-0.162124
0.101088	0.0504843
0.268786	0.261369
0.160552	0.19075
-0.0298721	-0.292674
-0.169249	-0.441094
-0.0190285	-0.590806
0.0136969	-0.559343
-0.387826	-0.381271
-0.291345	-0.0529182
-0.502443	0.0816103
-0.954484	0.124114
-0.757765	0.120704
-1.16379	-0.0742073
-0.747585	-0.180811
0.111724	0.173576
-0.0673067	0.289874
-0.0970084	0.430047
-0.0606951	0.219145
-0.00448364	0.0553207
-0.0173588	-0.236428
-0.18582	-0.158098
-0.449835	-0.218818
-0.480351	-0.18208
-0.587559	-0.306655
-0.699011	-0.239976
-0.701973	-0.330569
-0.656719	-0.309379
-0.690196	-0.315418
-0.566638	-0.43803
-0.561404	-0.518403
-0.702108	-0.411151
-0.573666	-0.601159
-0.519736	-0.608859
-0.433883	-0.638954
-0.613443	-0.505935
-0.419735	-0.205384
-0.445792	0.0986538
-0.145954	0.252713
-0.288828	0.584524
-0.288037	0.658935
-0.318367	0.746494
-0.120982	0.513585
0.0922592	0.273547
-0.338048	0.285066
-0.396141	0.454386
-0.33841	0.645977
-0.33819	0.420654
-0.524056	0.357825
-0.674724	0.210902
-0.965515	-0.209666
-0.829847	-0.27547
-0.976897	-0.400194
-1.03719	-0.355258
-0.306597	0.271242
-0.0418072	0.457983
-0.236377	0.46846
-0.0586317	0.43044
-0.222893	0.375457
-0.207557	0.118964
-0.280627	0.124135
-0.649895	0.498217
-0.720183	0.468404
-0.67061	0.362105
-0.499301	0.180847
-0.570558	0.173989
-0.59205	-0.181182
-0.572915	-0.416999
-0.752373	-0.236136
-0.754518	-0.269695
-0.535922	-0.286508
-0.47108	0.041581
-0.731942	0.100485
-0.702929	0.096903
-0.428496	0.11707
-0.201338	0.0579573
-0.119485	0.0434683
-0.34297	0.0430133
-0.642102	-0.104493
-0.668201	-0.193605
-0.918249	-0.214212
-0.749732	-0.228038
-0.222679	-0.0703961
0.102419	-0.294931
-0.172982	-0.223469
-0.243767	-0.311987
-0.237632	-0.234816
-0.0873279	-0.169781
-0.0371431	0.105756
0.0578528	0.27512
0.495497	0.0721235
0.37921	-0.11294
0.25509	-0.312264
0.00164702	-0.404509
-0.0705128	-0.379371
0.159851	-0.231263
0.103478	0.206647
0.135002	0.15367
0.201765	0.145813
0.149023	0.279175
0.151419	0.0821629
0.170335	0.137744
-0.0153835	0.266624
-0.0516872	0.220721
-0.298708	-0.0235977
-0.117585	-0.0104993
-0.228977	-0.112598
-0.191958	-0.194774
-0.379157	-0.124984
-0.533065	0.0402575
-0.611633	0.158295
-0.41598	0.111253
-0.464205	0.17078
-0.70205	0.267868
-0.617606	0.346806
-0.111511	0.196416
-0.142134	0.105211
-0.136848	0.187399
-0.348566	0.237803
-0.515796	0.0877204
-0.554178	-0.119616
-0.517747	-0.0568511
-0.394982	0.00793106
0.0357713	0.134244
0.122431	0.247258
0.159908	0.0953054
0.247098	0.145477
-0.101056	0.168772
-0.24947	0.16624
0.0575491	0.118681
-0.00924357	0.189952
-0.230875	0.287092
-0.211687	0.177475
-0.73603	0.000775129
-0.882148	-0.181126
-0.812665	-0.00249057
-0.484252	-0.0754918
-0.349481	0.144793
-0.850735	0.127674
-1.06117	0.218136
-1.00606	0.2336
-1.08904	0.313879
-0.999686	0.316015
-0.990349	0.334577
-0.883374	0.318012
-0.8678	0.400947
-0.755254	0.695419
-0.507034	0.686562
-0.430859	0.631182
-0.180072	0.43381
-0.00669022	0.448481
-0.252867	0.336711
-0.569273	0.0951129
-0.503821	0.125949
-0.409996	-0.0685111
-0.490819	-0.375057
-0.46365	-0.315292
-0.132776	0.0629796
-0.0157028	0.132807
-0.161901	0.251493
-0.293866	0.211251
-0.263675	-0.0434282
-0.430976	-0.222574
-0.488851	-0.258939
-0.664243	-0.100015
-0.578136	-0.0615107
-0.513019	-0.097792
-0.643284	-0.0331409
-0.624037	-0.132676
-0.691937	-0.0799542
-0.658586	-0.0435356
-0.707327	0.121897
-0.62329	0.392366
-0.438079	0.674927
-0.20777	0.827429
-0.102154	0.670562
-0.708543	0.633416
-0.660541	0.609711
-0.459479	0.589421
-0.447518	0.597497
-0.335315	0.712065
-0.0170253	0.497977
-0.102768	0.37258
-0.419158	0.0922185
-0.555628	0.169665
-0.722116	-0.138023
-0.95745	-0.072367
-0.60034	0.078997
-0.71398	-0.112327
-0.458567	-0.315336
-0.465736	-0.363555
-0.589659	-0.358494
-0.771492	-0.165342
-0.909781	0.159373
-0.568132	0.340598
-0.876584	0.393779
-1.03158	0.309582
-0.804179	0.154765
-0.478682	0.0641545
-0.239176	0.0799454
-0.244997	0.0941876
-0.254244	0.148291
-0.290536	0.0741303
-0.250849	0.0881971
-0.291354	0.0236211
-0.378402	-0.0873587
-0.49582	-0.123731
-0.52788	-0.238635
-0.532258	-0.315382
-0.68901	-0.238837
-0.722227	-0.203105
-0.820778	-0.141717
-0.868639	0.227815
-0.844758	0.591636
-0.89348	0.669971
-0.783934	0.613169
-0.616263	0.487326
-0.169743	0.49159
0.0518672	0.719817
0.210509	0.915274
0.177837	0.925183
0.178713	1.02554
0.0962196	1.03673
-0.0657331	1.04622
-0.309433	0.953501
-0.601639	0.80513
-0.745034	0.532728
-0.861566	0.260883
-0.879732	-0.0143598
-0.782439	-0.233338
-0.773593	-0.359519
-0.821401	-0.289542
-0.812208	-0.0074965
-0.843147	0.180259
-0.57022	0.268756
-0.790597	0.274321
-0.675553	0.129825
-0.569927	-0.130685
-0.470248	-0.275086
-0.417478	-0.289304
-0.207481	-0.291795
-0.00919723	-0.273602
0.0931619	-0.121008
0.0339673	0.0886438
-0.126127	0.225255
-0.255505	0.291482
-0.359955	0.258822
-0.534455	0.241863
-0.678029	0.536695
-0.68769	0.603753
-0.666386	0.728435
-0.641986	0.640046
-0.613494	0.684894
-0.454463	0.632824
-0.0259249	0.548173
0.200556	0.729903
0.134782	0.971691
-0.113742	1.07567
-0.301121	1.01982
-0.437841	0.907404
-0.548149	0.697024
-0.60948	0.524552
-0.625101	0.342599
-0.581992	0.191158
-0.343183	0.0704851
0.173246	-0.029054
0.105385	0.329585
-0.0405899	0.211194
-0.17878	0.00794454
-0.0565909	-0.0144532
-0.170022	-0.150815
-0.402375	-0.230928
-0.464592	-0.396363
-0.563936	-0.264189
-0.543113	-0.15351
-0.657756	-0.133208
-0.648162	-0.101339
-0.588286	-0.0814303
-0.672404	-0.0364093
-0.213407	0.269337
-0.134611	0.610154
0.309612	0.523899
0.209754	0.443606
0.0574995	0.32222
-0.312407	0.186224
-0.304163	0.445661
-0.482698	0.452886
-0.633685	0.539049
-0.866554	0.746453
-0.929542	1.0812
-0.693574	1.08547
-0.660421	1.05721
-0.696629	1.08675
-0.644318	0.970228
-0.714101	0.850811
-0.852662	0.790453
-0.838489	0.498624
-0.795264	0.427547
-0.569341	0.237042
-0.361471	0.224007
-0.278051	-0.0300667
-0.22697	0.145728
-0.329107	0.45631
-0.361087	0.325574
-0.611199	0.0450748
-0.556859	-0.0147917
-0.977462	-0.116118
-0.682984	0.132522
-0.550029	0.228708
-0.631062	0.296891
-0.360239	0.782685
-0.228675	0.757446
-0.0420947	0.943042
-0.391221	0.969237
-0.438065	0.900698
-0.605252	0.573882
-0.982796	0.0502661
-0.695333	0.261799
-1.08301	0.128149
-0.886485	-0.0554123
-0.654662	-0.201744
-0.755702	-0.108934
-0.845625	0.17179
-0.78803	-0.103264
-0.618233	-0.512379
-0.740434	-0.443368
-0.836041	-0.182135
-0.4512	-0.0855289
-0.434441	-0.0818545
-0.378942	-0.196593
-0.340672	-0.192064
-0.49669	-0.34322
-0.462976	-0.373121
-0.795638	-0.482551
-0.803445	-0.485291
-0.766141	-0.518723
-0.58811	-0.32449
-0.53867	-0.297061
-0.727348	-0.191402
-0.921954	-0.317711
-0.596641	-0.245725
-0.758913	-0.19914
-0.8129	-0.256578
-0.85818	-0.294144
-0.696577	-0.145404
