-0.0737956	-15.0969
-0.663128	-2.71489
1.74321	-1.4579
-1.80454	-3.22283
1.80892	-5.62027
-4.65103	-4.70211
-2.89765	-5.39998
-5.56439	-4.54936
1.48896	-2.78142
2.27522	-4.66099
-1.30032	-6.05851
3.19333	-4.11934
1.94013	-5.90789
0.917929	-4.74021
3.63254	-3.04072
-10.1535	-19.3291
-13.1857	-22.6464
-16.2874	-17.7968
-11.5441	-25.0055
-13.055	-23.8529
-11.9549	-23.0826
-9.99304	-23.9918
-9.68238	-22.2235
-4.25376	-21.8268
-0.426988	-15.2841
-0.582813	-16.013
-0.447434	-17.0842
1.04091	-17.4733
2.1693	-17.1545
2.99621	-17.6851
6.02695	-18.6784
5.68475	-17.7598
6.83753	-17.8978
6.78901	-18.1774
8.26097	-19.1996
7.27523	-20.2545
2.47629	-13.2319
0.273658	-18.009
0.627147	-23.1075
-0.0329216	-26.1499
-0.284171	-28.0935
0.476697	-30.6026
0.0313523	-31.7665
-2.86698	-30.7333
-2.89282	-30.6629
-4.25452	-28.8623
-3.26537	-29.0823
0.799269	-18.851
-0.568364	-26.9407
-0.310613	-31.126
-1.7823	-30.7665
-4.36355	-29.1545
-6.13073	-29.5321
-6.16846	-29.0444
-5.75845	-28.2778
-5.4133	-28.8323
-3.60734	-30.3441
2.5561	-30.6272
3.55111	-25.5061
-1.07459	-18.7945
-2.3831	-20.7425
-1.31562	-24.4403
-1.32036	-24.484
-1.06007	-25.5229
0.0929357	-24.8641
2.72144	-26.1851
2.14712	-24.5912
2.90643	-16.6882
-0.080068	-14.0735
-1.25048	-16.2059
-2.37491	-15.0268
-3.02537	-15.8521
-2.19413	-17.2466
-2.36381	-19.1397
-2.23102	-22.0818
-4.61397	-20.8141
-4.97026	-19.8657
-7.31611	-11.9902
-7.29842	-11.4846
-4.05396	-12.5185
-3.0619	-18.7036
-4.57657	-18.5025
-5.18441	-20.8647
-5.08397	-21.8317
-7.09318	-21.6006
-6.81012	-23.0328
-4.76889	-26.1127
-3.06263	-27.218
-1.75599	-24.8047
-0.311067	-23.2745
-4.65543	-20.338
-5.29668	-15.3827
-4.63229	-16.5881
-7.88774	-14.106
-8.57697	-10.0162
-4.55232	-10.0862
1.30228	-10.2313
1.13212	-2.79307
-5.06251	-6.61207
-12.6746	-5.54952
-4.8265	-3.36745
3.79037	-5.97099
-2.61305	-10.0112
-0.881932	-13.7031
2.63861	-9.63803
1.8244	-20.5447
1.74635	-20.1687
1.10282	-17.8108
-3.34707	-17.7546
-4.479	-16.88
-0.470836	-18.9964
2.04177	-22.1362
0.574476	-20.6298
-1.92018	-15.4027
-1.24754	-11.6774
1.53717	-12.692
6.90117	-4.98338
0.902731	-2.00319
-3.0763	-7.11061
-11.7481	-11.7795
-12.2317	-5.59912
-10.9987	-3.24228
-9.31211	-3.12696
-16.5401	-0.0289653
-11.7909	-7.06574
-11.5961	-12.2659
-2.37225	-9.39164
-3.42767	-18.1606
2.25293	-10.829
2.86825	-7.84295
3.48514	-8.46715
2.08582	-5.7157
4.48863	-2.87411
1.90465	-1.17456
7.97911	-1.0108
6.28799	3.67385
3.12689	-1.10935
-0.443	-9.06047
2.26846	-15.6639
0.61505	-21.9511
5.0481	-18.6483
5.23797	-7.88258
-0.634597	-7.12604
-5.20925	-17.9942
-2.947	-23.6422
-6.18092	-22.1772
-5.61735	-23.0867
-4.86582	-23.8902
-3.02404	-23.7117
-3.72278	-22.6285
-7.6081	-18.4723
-8.94736	-14.4646
-9.56746	-10.0795
-9.81112	-6.18615
-7.53478	-3.72192
-10.3449	-0.294838
-11.7463	2.31364
-12.7105	0.912811
-13.7396	-0.196577
-16.0511	-2.2636
-10.2502	-0.237341
-0.944937	-4.62118
-0.309276	-3.88817
-3.40562	-8.44615
1.87727	-4.73558
4.76739	-5.60606
3.56743	1.30117
3.88547	1.85857
2.06798	-7.03341
3.57627	-9.86048
2.21534	-8.96493
3.41052	-13.2144
10.1374	-8.32066
6.61367	-13.3701
1.39961	-21.6726
-7.90757	-19.8504
-8.64098	-14.5099
-7.12398	-11.7
-6.41425	-6.35964
-3.24669	1.14364
-10.0144	-3.14157
-5.9391	-1.98194
-9.97561	3.41004
-6.72361	-0.408177
-0.505585	0.86335
-4.07127	-1.06391
-3.57855	3.45144
-3.67654	5.89596
1.47681	6.1791
0.837467	4.36655
3.7786	3.76384
3.64054	3.25448
2.40592	5.25396
3.81168	-2.21195
2.36899	-4.37057
2.7074	-5.65995
-2.3237	-3.28209
1.00524	0.439979
4.48825	-1.64742
2.39639	-3.11179
-0.41507	-6.47722
-2.00529	-4.64088
3.76338	-3.06198
-1.10623	-5.96263
1.81814	-3.06926
-1.38721	-2.5456
-2.48159	-6.84911
0.676965	-2.25396
2.37508	-2.80308
3.41472	-0.542371
2.25544	-6.73753
2.16994	-9.06441
4.34545	-9.67131
2.01101	-8.55621
4.29429	-5.21612
4.30127	-3.88114
-1.49831	-7.86313
-7.83703	-17.4597
-3.70004	-19.6768
-0.99124	-24.3176
-6.44985	-21.2643
-3.52819	-14.8685
-6.91112	-6.24104
-6.49391	-10.2735
-6.17346	-14.2858
-7.05351	-17.2672
-7.35324	-17.6347
-7.17234	-19.661
-5.20868	-21.9671
-5.57512	-22.9018
-4.46486	-25.0368
-3.17368	-27.0019
-2.35768	-29.0605
-1.61516	-29.4978
-0.480737	-29.3914
2.10614	-30.5169
3.79322	-29.8518
2.99811	-30.0338
2.87014	-29.7001
2.04497	-27.9065
-0.925156	-27.7523
-2.17716	-28.3732
-3.25013	-29.5805
-3.74441	-30.9913
-4.04694	-29.0764
-4.92259	-22.6693
-7.46367	-16.1384
-11.4639	-11.1113
-15.9198	-9.39526
-17.1607	-10.0422
-18.2122	-11.9056
-14.1802	-14.4169
-7.30466	-16.74
-4.856	-13.285
-1.88136	-0.618847
-0.204282	-10.7005
-5.81262	-12.0401
-3.09797	-12.1799
-5.34362	-9.66182
-3.22293	-14.2654
-1.61141	-19.6599
-2.10222	-21.4092
-3.20822	-21.5423
-5.07955	-22.6792
-6.24882	-22.4581
-6.08877	-22.3974
-7.09121	-19.7598
-6.82071	-16.6324
-7.09304	-14.845
-6.7876	-12.2104
-7.2618	-10.3333
-6.17726	-10.1736
-5.6666	-10.8319
-6.44905	-10.4298
-6.64423	-10.4119
-5.88058	-11.381
-5.03487	-13.9789
1.78774	-18.086
7.90059	-17.1601
6.32699	-17.7635
8.096	-18.264
8.19259	-20.2564
8.34686	-19.089
7.91986	-19.6315
-1.24712	-14.1459
-1.42757	-13.4361
-0.164104	-16.7224
0.689109	-18.8436
4.1643	-20.2009
6.16127	-19.2632
6.1028	-21.6041
4.70526	-21.7762
4.756	-23.1965
-0.552037	-19.121
-0.783843	-18.7134
3.98651	-16.7069
5.94357	-18.1561
-0.254011	-15.7826
0.986468	-11.6414
4.45916	-10.3143
4.67559	-10.3215
-3.70906	-18.907
-2.25294	-18.1402
0.232891	-19.4024
0.80773	-24.3505
-1.89271	-19.9013
-2.75779	-18.1684
-0.929252	-19.0545
-4.41327	-14.9505
2.46623	-8.95646
2.97163	-7.04727
0.212038	-8.58525
4.58284	-11.1386
-0.0395456	-12.7579
-2.07313	-15.1564
3.86719	-10.2051
-6.19139	-11.9736
-8.83132	-10.1559
-9.4731	-9.87365
-9.10967	-10.1679
-7.07954	-10.0672
-3.82784	-6.88462
5.39	-3.89188
4.20774	-13.7766
2.23002	-9.19295
-5.27748	-17.7587
-4.33923	-15.4973
-0.552452	-8.90866
3.6993	-6.65479
-2.61832	-14.1258
-7.85289	-10.6881
-2.35063	-18.0497
-8.9807	-10.907
-4.20251	-14.5362
-6.80549	-9.27123
-5.47888	-3.54712
-8.26233	-3.66543
-10.9204	-3.83002
-13.5555	-6.27926
-13.9567	-8.56381
-14.64	-4.58508
-9.95502	-11.5072
-8.6214	-10.1806
-7.29985	-7.92153
-2.75935	-15.5453
-8.49857	-17.3468
-1.88533	-20.5439
-5.27319	-15.8713
-3.08956	-17.7214
-7.57509	-15.0103
-4.82177	-10.5298
-5.84292	-1.84143
-5.62409	-2.10918
-5.76069	-8.52261
-6.27768	-10.0337
1.33162	-8.08837
-3.81482	-8.94792
-5.94771	-9.32769
-6.22534	-6.79526
1.66789	-10.7471
-0.524245	-12.9426
-0.108688	-13.0254
-3.55444	-12.948
-1.2697	-12.7787
2.29148	-14.2637
4.0225	-21.0639
6.71626	-22.9694
6.59631	-21.8351
4.01627	-23.8101
0.940742	-21.6492
-4.97808	-19.1322
-10.6062	-17.2988
-11.2697	-16.0028
-7.49235	-20.4867
-0.241053	-20.6243
0.887679	-19.6939
3.53989	-21.6289
3.23562	-19.7704
2.46241	-17.9719
4.32378	-17.7041
2.91841	-9.80513
1.98376	-9.606
5.13995	-10.0038
2.62743	-8.92288
4.04103	-4.58905
-5.86252	-11.191
-4.04776	-11.3456
3	-0.967364
0.994242	2.98128
-7.68747	-13.2559
-9.59982	-16.8262
-8.09712	-16.3797
-3.00722	-12.3825
1.02937	-2.82354
3.07866	0.923469
-3.54315	-4.98558
-4.02247	-10.9404
-5.78453	-6.1194
-2.66229	-3.93778
1.06538	-1.78492
1.63309	-6.05592
1.40017	-13.5906
-1.14894	-14.2327
-7.86136	-15.0876
-3.2993	-13.1652
3.22089	-0.386292
-0.414822	-9.27446
-3.22306	-11.3157
-1.96023	-10.8096
-3.21647	-9.39048
-2.07353	-9.96284
-3.11326	-7.60806
-2.7169	-8.105
-3.45765	-8.21932
-2.87618	-9.37694
-1.42854	-11.9617
4.27048	-18.8636
4.34254	-21.1829
2.8347	-18.1516
2.56154	-13.9208
1.48937	-13.6093
-0.318263	-14.4121
-1.41503	-14.6425
0.777635	-16.0929
-0.501053	-17.7506
1.075	-10.5443
4.88783	-7.5001
8.16402	-3.62251
4.71143	-5.55252
5.35354	-5.28354
2.03418	-2.73537
1.78143	-2.65704
3.082	-6.17438
-0.839235	-7.9533
3.0122	-1.48122
1.5728	-2.63897
-1.06292	-3.38306
-0.289642	-7.41997
-0.828662	-6.26597
-0.502881	-5.57758
-1.86168	-6.09801
-3.61385	-20.9944
-3.74105	-21.1707
-2.69107	-27.8256
-3.43318	-27.709
-1.99631	-25.2277
-4.35916	-20.6886
-3.36219	-16.6617
-0.900415	-7.64152
-1.67428	-5.38659
-0.979989	-4.53816
-7.35636	-8.5233
-6.24667	-4.82284
-1.75477	-9.45737
-7.24508	-5.85573
-5.539	-6.21471
-2.81037	-9.03883
-3.7482	-3.5646
0.0986329	-2.35935
-0.958825	0.11622
-2.13784	-2.9067
-9.23106	-14.0799
-12.7095	-11.9088
-12.779	-11.2133
-12.2744	-11.5645
-13.5337	-11.6942
-13.8328	-9.96955
-11.1811	-12.3909
-9.39544	-14.4021
-5.7789	2.93752
-5.30171	-1.3245
-3.07993	1.81251
-13.5515	-6.40428
-6.71567	-3.51703
-0.354821	-6.96368
-8.0659	-19.7236
-3.46084	-22.8271
0.945627	-25.0874
0.217855	-18.7824
3.7681	-16.1968
8.2295	-20.4383
5.22841	-18.9449
6.9325	-16.7878
3.83314	-14.5267
0.0966828	-12.8036
0.8488	-11.7709
-0.304791	-9.41648
-4.0167	-13.9885
-5.4995	-14.0078
-6.13769	-13.0365
-8.78027	-10.3615
-8.55466	-10.5694
-9.72622	-8.44086
-10.6113	-6.69251
-4.94554	-5.32458
1.47376	-4.8691
-2.18797	-3.16286
-7.77607	-9.15137
-17.6873	-5.69644
-3.95077	-12.2916
-10.4707	-22.6721
-10.0164	-22.2105
-10.6415	-20.4562
-10.5701	-16.3615
-10.7028	-13.509
-10.7272	-11.9566
-7.57602	-11.0677
-5.80899	-7.26427
-3.43696	-4.68183
5.30728	-3.72144
4.57526	-2.5815
4.37076	-6.30247
-0.59806	-9.65899
0.333674	-10.1637
0.707349	-15.2416
-1.29701	-18.3545
2.3405	-21.0486
3.83263	-15.923
5.47852	-23.8987
0.621705	-26.0768
-0.116959	-27.2474
0.712977	-26.7895
0.687743	-27.0154
1.48456	-25.1011
1.93535	-19.1916
-0.58315	-10.9964
-5.68799	-4.93349
-6.19642	-7.74827
-9.61671	-10.4102
-12.0733	-9.9468
-11.9289	-14.1754
-15.0914	-11.4442
-11.8263	-10.4169
-9.38093	-11.0545
-4.94161	-14.6223
-0.790138	-18.0084
-0.328155	-4.17342
3.69875	-11.741
-1.05522	-9.46386
3.19781	-6.12775
-0.776994	-10.8306
-6.0815	-13.2897
-5.38493	-15.0613
-4.27791	-17.0853
-1.33586	-19.7252
-0.899874	-22.4961
-0.166399	-24.5193
0.183457	-26.7115
0.398665	-29.6104
0.0642822	-28.5614
-1.21148	-25.6217
-1.83543	-22.8823
-2.04896	-20.589
2.6733	-20.1172
3.94709	-20.6349
5.63543	-23.5594
5.83912	-23.8652
4.65193	-22.3841
3.16174	-21.9933
2.62646	-20.3532
3.23874	-16.2064
1.34095	-15.1703
2.87641	-18.1257
1.73054	-15.0866
-0.0876305	-8.5893
4.57684	1.43438
-9.59957	-3.0528
-9.96546	-8.98032
-12.0902	-7.96065
-11.9602	4.30881
-13.6345	1.07146
-17.1127	0.270958
-8.67982	4.03127
-15.0787	-5.23977
-10.4313	-5.30751
-2.59449	-3.59663
2.48783	-2.16862
-0.706802	-3.9586
-4.94009	-5.72861
-6.04538	-5.42593
-4.74947	-6.23169
-4.39369	-5.22152
-4.49562	-7.00289
-4.42972	-5.57919
-4.05116	-7.77627
-0.67357	-5.78261
-2.42024	-5.67119
-2.0491	-4.02951
-5.04246	-2.28647
-6.11896	-1.95777
-4.10544	-5.65357
-2.13856	-2.7515
-2.97444	0.139664
1.13978	-0.625303
1.86539	1.19817
3.16699	2.01699
7.74824	-6.63243
0.175037	-4.48881
2.29103	-2.67451
4.42265	-3.73854
-1.06218	-4.88173
3.80242	-4.91903
2.77058	-5.79621
3.2901	-3.36051
1.94712	-1.92488
0.449165	-7.49038
3.25953	-2.68734
-0.398686	-6.27138
-0.716879	-3.73772
0.730338	-5.37458
2.53087	-4.89875
1.2362	-5.95389
-3.49418	-7.35418
4.26502	-1.82149
8.47107	-3.99838
5.35162	-12.8317
1.16736	-14.3052
3.2513	-16.5011
4.91021	-17.885
5.07419	-13.5636
2.4854	-11.1646
1.88867	-13.055
9.08974	-22.0752
7.20071	-26.3196
9.26089	-23.5308
8.0888	-21.6127
3.58085	-19.8076
-1.1106	-15.3329
2.93503	-15.7723
2.20517	-7.31628
1.43436	-3.05679
-0.358104	-2.59085
-6.67255	-9.81424
-7.41612	-7.3405
-8.82061	-7.29768
-11.2531	-11.58
-9.45549	-11.1418
-8.42952	-11.56
-10.058	-15.7441
-2.70947	-18.353
0.773302	-25.4998
0.818462	-28.4323
-0.484782	-27.7098
0.761551	-29.135
0.455106	-28.652
-0.120229	-28.4807
0.397577	-29.6076
-0.0231001	-28.3547
-0.594711	-27.3857
0.636999	-24.0119
3.4652	-19.4721
2.72057	-19.1253
3.2482	-22.7215
1.93576	-23.077
1.89124	-21.7742
3.77608	-22.7594
2.05151	-22.9906
-0.317732	-24.2943
0.407408	-24.4655
-3.68915	-20.1286
-4.50147	-15.7995
-4.12788	-15.4194
-6.05106	-11.5096
-4.56151	-11.2392
0.51337	-17.7351
0.0119149	-18.0373
2.42913	-15.4797
-6.7181	-9.98175
-7.59451	-7.31005
-10.9632	-8.11678
-4.98555	-16.2483
-4.04741	-20.9788
-5.15457	-19.5624
-4.72586	-17.1352
-4.21083	-15.4223
-3.9942	-13.1435
-5.62142	-10.8697
-8.15487	-8.55262
-11.593	-7.97244
-7.40756	-14.1982
3.2106	0.122863
-2.61725	-13.1188
0.387825	-19.7925
-5.69667	-15.9299
-5.90917	-17.9602
-5.15949	-15.4772
-0.696764	-10.6301
-1.25584	-25.3118
-2.06428	-28.6115
-4.95743	-29.888
-4.18265	-28.9666
0.550072	-26.3838
3.87006	-28.72
0.208577	-17.5319
4.86106	-9.24669
2.10843	-9.83525
2.6416	-16.3213
0.321161	-15.4548
-3.85432	-24.0235
0.160149	-16.6275
-2.01481	-17.986
-4.42839	-14.4446
-4.86983	-12.0836
-5.95618	-10.1981
-7.814	-11.0449
-2.05509	-18.3958
5.22596	-15.9549
4.56605	-14.7434
5.13357	-14.9503
4.28263	-15.5557
4.34013	-18.0901
2.88098	-16.962
2.99816	-17.3433
-2.7573	-17.1762
-5.11741	-20.9
-7.23321	-20.9099
-8.88882	-17.9142
-7.54474	-18.2503
-8.548	-15.5193
-4.18684	-15.1593
1.67813	-14.307
6.41655	-16.8151
7.36956	-20.2621
3.5506	-18.0489
2.08753	-14.2342
0.550953	-12.0516
4.00347	-12.5706
5.67089	-12.5147
5.24238	-7.54318
8.9473	-2.44595
6.78248	-3.21991
8.25394	-6.1755
4.61302	-9.87588
8.1845	-8.471
-4.23523	-1.74146
-12.0098	-12.0314
-7.51469	-15.1788
-3.08606	-19.0604
-0.919318	-27.0093
-1.09303	-28.539
2.83977	-32.4174
1.50678	-32.1352
2.09546	-32.1194
1.96295	-28.0831
2.43519	-22.2907
4.92073	-13.2567
3.62472	-11.3355
-0.195017	-16.0913
0.0385884	-17.7535
-1.35921	-11.5896
0.99358	-9.46184
-1.94996	-12.4447
0.941183	-7.58572
-5.46537	-13.5857
-4.44411	-14.2273
-4.98939	-13.6011
-2.73411	-18.1464
-6.63217	-17.2881
-4.02009	-19.3714
-2.93089	-20.5664
-3.10946	-19.376
-7.44887	-14.0972
-11.3141	-12.4666
-3.42747	-10.4445
-4.6931	-7.70467
-10.5176	-10.3198
-6.13312	-7.85844
-5.93238	-5.07967
-11.4546	-9.67516
-8.91177	-11.0879
-2.93238	-5.08857
-4.96585	-8.92008
-7.33358	-7.97549
-4.85397	-2.34813
-5.98369	0.475977
-6.6539	-1.8306
-11.1416	-11.6471
-7.28777	-7.53442
1.80532	-17.6
7.51014	-12.1137
3.20624	-6.74397
6.25141	-12.1488
-3.30982	-15.1608
-4.61279	-18.451
-8.61569	-14.1266
-11.8571	-11.9014
-13.5332	-9.59134
-16.8799	-7.09101
-17.3493	-5.43454
-12.667	-11.9886
-13.0556	-12.1565
-12.9671	-12.5336
-14.2644	-11.4859
-13.8922	-9.5114
-14.4312	-7.65373
-12.6825	-5.91988
-10.6282	-4.90161
-7.38517	-4.7864
-7.75581	-7.46937
-7.6293	-1.82144
-5.88459	-6.15331
-4.36873	-5.90134
-4.16101	-3.49553
-4.65506	-6.42814
-3.93348	-7.84635
-3.52881	-12.7697
-1.462	-15.5064
-3.53158	-15.5967
-0.898018	-4.3042
-4.44674	-5.97562
-6.20225	-4.93451
-4.09359	-0.954313
-5.21233	-3.24059
-3.62204	-8.00176
0.0936985	-4.54274
-3.23783	-3.23931
-3.66066	-5.16759
-4.91677	-5.58484
-2.12061	-3.09971
-8.91029	-4.94405
-12.1402	-5.66562
-8.28962	-11.5191
-8.76807	-2.8504
-14.0405	-4.52189
-9.30576	-4.96546
-12.7879	-1.95213
-11.5728	-2.02095
-12.5046	-8.04614
-13.3907	-10.484
-12.9022	-6.7375
-9.31212	-3.49503
-7.87014	-3.24018
-7.37537	-3.30317
-6.5349	-0.845625
-1.10613	1.61719
-4.55708	-1.5497
2.28456	-4.56365
-1.94145	-10.0527
0.645313	-0.393015
-1.13957	-6.27005
-1.75471	-8.14858
1.73787	-4.52809
-0.09015	-3.30172
0.853917	-4.30617
1.80165	-2.56468
-2.10173	-2.77163
-1.16127	-4.92454
-4.87113	-2.45042
-0.500492	-8.20244
0.535375	-5.90138
0.880959	1.56809
3.95117	-2.87898
-0.498394	-0.456368
0.107505	-3.10097
0.54471	-7.28548
1.10318	-1.55363
2.26922	-3.7961
4.89029	-8.94396
0.580277	-15.7057
3.24057	-15.6265
-3.05506	-5.32788
-6.05011	-7.0372
-2.82746	-11.7955
-6.27418	-12.4638
-9.03427	-11.5302
-11.647	-8.65452
-11.2525	-9.61258
-13.7425	-7.67978
-12.878	-8.58685
-7.36346	-13.7672
-3.67986	-6.37711
1.89207	-4.00252
-2.67513	-3.98306
0.408457	-4.62477
-1.19193	-3.73853
-5.31995	-1.07539
-4.62886	-3.4759
-2.80417	-3.73864
-1.62981	-4.43616
-3.72642	-8.33723
-9.41364	-7.83043
-10.7485	-8.61035
-11.4232	-4.68072
-9.88851	-4.43272
-6.58972	-6.18449
-3.7664	-10.235
-1.67357	-12.3641
-2.62182	-11.0646
0.993795	-15.066
-0.732313	-13.5773
-0.47318	-15.8439
-2.99389	-16.6197
1.68764	-18.5265
-4.39051	-15.2402
-4.96166	-16.9133
-5.77992	-14.0801
-7.97063	-9.63417
-6.88451	-8.48927
-9.8343	-8.94482
-5.51657	-10.5062
-9.08178	-9.52421
-10.0067	-3.7857
-9.64405	-8.72867
-8.50014	-9.61191
-12.1646	-7.63579
-11.9633	-9.38805
-12.4621	-8.71635
-12.3851	-9.967
-9.42049	-13.6216
-9.23056	-14.8064
-7.13614	-11.2668
-3.38358	-4.73564
-8.20194	-1.92755
-8.80768	-3.23314
-17.5568	-0.698428
-14.6292	-3.77776
-7.42506	1.82024
-9.33165	3.19641
-5.13348	-4.14747
-10.0078	-6.34706
-8.52034	-4.71711
-4.69123	-6.50459
0.297027	-4.70767
0.1844	-0.683642
-7.76061	-3.66864
-0.420422	-10.5608
-4.19376	-17.0081
1.7662	-20.1753
1.99558	-20.9536
-0.637931	-20.7258
-0.929628	-21.4103
-0.920717	-23.3315
-4.25385	-21.2043
-7.18899	-19.0919
-8.58901	-17.9605
-8.95309	-19.9014
-9.86696	-17.642
-8.86853	-16.941
-5.98522	-20.9072
-5.26899	-19.0742
-3.50322	-15.8483
-4.33465	-11.3449
-5.00615	-11.4543
-5.36168	-12.5559
-2.31318	-13.7514
0.0190795	-18.3394
1.11122	-15.9969
0.487453	-11.6791
-2.44344	-12.792
-3.61674	-9.14374
-7.88987	-8.97061
-9.9771	-9.41395
-11.8484	-8.02584
-12.4097	-6.36545
-10.6873	-8.24208
-8.71135	-10.7115
-12.5315	-8.80458
-12.8538	-9.60896
-16.8707	-11.2017
-19.3028	-15.6147
-14.9028	-18.7983
-15.5897	-14.5059
-13.1133	-15.3445
-14.3662	-19.9148
-12.9418	-19.957
-15.7575	-24.003
-16.8775	-13.8516
-15.0833	-9.69451
-10.6732	-9.08514
-6.15901	-7.94383
-0.326428	-10.2261
1.4476	-13.9211
1.27453	-17.6687
4.46204	-24.9261
3.30636	-15.3383
0.182653	-12.9918
-2.01127	-9.58067
-3.29522	-8.69401
-2.67817	-9.03018
-0.881828	-16.2349
1.11697	-21
1.28544	-23.0008
2.52809	-22.2424
3.72687	-20.8112
4.53095	-19.0007
-0.640588	-12.3747
-0.771678	-13.2554
-0.54742	-8.49593
-1.17587	-0.790747
3.81927	-2.02145
6.13239	-1.98503
1.50411	-1.93785
1.45259	5.83817
1.6654	0.880806
4.13517	-1.51904
-2.00293	0.262054
-3.71182	-0.0333008
-2.40318	-1.49583
-0.784823	-7.45222
4.99473	0.92949
3.5821	-5.89014
2.03901	-5.3601
1.22229	-6.10917
0.206479	-3.4073
1.85058	-8.36769
3.75362	-2.74667
-1.34346	-4.91062
1.56793	-4.75208
6.38435	-6.10719
3.58432	-4.03395
5.37289	0.566337
3.78574	-6.25174
3.10864	-3.2239
3.77338	-4.63248
3.32439	-5.66741
1.61846	-3.14534
4.94	2.01819
7.8019	-2.80375
5.7903	-2.19058
5.95917	-5.71153
4.06015	-2.95336
4.43256	-1.95774
5.49188	-3.53483
-4.31224	-12.3622
-7.89306	-16.6711
-3.49583	-4.17696
3.46624	-0.532892
-4.85905	-9.77821
-9.07683	-7.32403
-12.7837	-7.84594
-12.5208	-10.3915
-12.74	-11.7524
-10.3418	-14.2869
-11.7596	-13.945
-10.0215	-15.2253
-9.91884	-12.448
-8.24595	-11.3781
2.89728	-16.8733
4.99091	-16.4772
5.24046	-17.9064
5.07621	-20.7186
3.40207	-21.0316
2.7664	-21.8826
4.17363	-21.7286
4.58781	-22.9517
-0.7984	-14.4518
-4.71623	-16.6816
-6.38637	-15.9737
-7.38542	-15.7804
-6.08618	-12.9832
-5.10914	-17.2701
-6.5584	-18.9952
-7.54806	-16.9972
-7.60915	-13.7134
-7.5299	-12.5189
-7.38337	-10.4002
-7.22138	-10.427
-8.54743	-9.30713
-10.0388	-9.18201
-11.8718	-8.99593
-12.4787	-10.362
-9.48925	-10.6133
0.765979	-7.79661
-2.42416	-8.47171
-3.17116	-4.44965
-3.96277	-12.6012
-6.33111	-13.9036
-4.88325	-7.0354
-6.61437	-8.37996
-6.42584	-10.8075
-7.42232	-13.5038
-5.65116	-10.8244
-4.33537	-6.08615
-8.5688	-15.858
-6.3913	-14.8646
1.68149	-20.8945
-4.73825	-14.4438
-5.10479	-17.4933
-7.81771	-14.7856
-8.82029	-11.6764
-5.96878	-11.0745
-7.10657	-9.90883
-4.71647	-11.0238
-4.32778	-10.7133
-2.54215	-13.0056
-4.68754	-8.90821
-7.44677	-7.56456
-11.0308	-9.36974
-7.79722	-12.3179
-11.1282	-11.8632
-3.47176	-11.3767
0.301273	-6.82194
-5.79511	-7.6542
-4.85549	-9.65564
-6.7032	-6.56071
-4.1145	-2.91462
-3.39624	-7.12324
-7.57892	-15.915
-10.0571	-16.2802
-12.4021	-19.6932
-1.91032	-13.4544
-0.92949	-14.5589
3.74711	-15.7339
-0.266053	-25.4472
-0.837876	-25.5487
-0.17577	-21.9856
1.38683	-23.6596
4.01657	-25.9912
6.083	-26.6266
4.48049	-23.5734
3.48057	-21.0166
2.52008	-18.7164
2.27383	-17.2399
1.12173	-17.0546
0.688875	-18.6466
-0.268914	-18.6501
-3.12856	-15.873
-5.09188	-15.2449
-6.68418	-14.024
-4.88577	-16.4938
-3.5699	-19.2022
-0.0686768	-12.6492
-0.492662	-7.84308
-2.37241	-3.65287
-5.21413	-7.45145
-11.4606	-9.93861
-8.37547	-8.01786
-11.8173	-5.74311
-8.25046	-10.3726
-5.53031	-6.81607
-11.1932	-11.7388
-7.23716	-10.6594
0.764114	-8.85093
5.11383	-14.0045
-0.215967	-21.01
-3.94981	-20.0292
-6.21571	-17.6504
-5.40153	-15.7157
-4.23997	-15.9817
-5.59161	-13.6756
-3.81138	-15.2169
-10.7287	-8.16136
-10.1144	-3.3031
-10.295	-4.06608
-10.3689	-5.67796
-4.99668	-8.26936
2.39267	-11.7505
0.393336	-8.59474
-3.38105	-10.8476
-1.51378	-6.0361
1.30702	-9.81959
-0.684895	-13.5519
1.56455	-10.7491
-3.92057	-14.0194
-3.93489	-15.5317
-0.704791	-3.76366
-3.58776	-10.5315
3.58303	-7.44468
-5.98361	-10.6263
-7.55973	-10.3828
-7.09025	-9.18031
-3.83221	-10.3217
-4.73463	-9.10249
-3.91423	-9.29829
-4.68228	-7.02331
-3.2394	-9.25904
-1.83519	-12.1632
-0.659716	-14.7879
-3.22202	-13.8442
-5.88556	-7.34464
-2.4218	-7.7649
-6.1929	-5.95559
-2.08749	-10.4451
1.45729	-19.5041
1.17867	-24.3875
-0.916611	-25.3123
-1.73831	-26.1526
-3.86082	-24.7118
-2.80387	-23.8952
-6.71431	-21.1242
-5.35991	-19.6078
-0.123741	-24.123
0.555704	-20.921
-0.564439	-16.7325
6.74989	-5.83898
1.43471	-4.02137
2.75698	0.925359
-1.91135	-1.03358
4.34368	-7.44341
3.12188	-7.07879
3.28701	-7.92222
0.985564	-11.3182
-0.284051	-6.93436
-1.16154	-3.57592
2.10909	-7.82945
3.75327	-6.4881
0.483351	-7.63822
-7.57916	-15.4649
-6.3744	-12.6594
-9.82582	-13.6706
-10.7011	-13.3194
-5.45689	-11.5233
-2.98408	-12.4102
-0.440308	-15.1673
4.84846	-6.04157
-4.78876	-5.02526
2.01613	-9.69019
-1.51981	-6.78835
4.11996	-3.41364
2.35984	-5.77004
1.47701	-3.38486
2.501	-6.22042
2.71153	-3.7911
2.59287	-5.89429
2.44752	-1.46115
-0.621381	-12.7362
1.24735	-4.90559
1.01764	-0.0906412
-1.3288	-3.87253
-0.35978	-5.82797
0.195098	-6.76855
4.86064	-0.134475
4.4131	-3.34658
2.82406	-3.01217
-3.43989	-11.6786
-2.01837	-17.112
5.3414	-12.7673
9.24646	-8.89453
3.94446	-16.3741
0.896351	-18.8694
1.55968	-21.1444
0.223899	-23.7107
1.97706	-26.0324
6.78025	-27.4481
10.9025	-26.1368
4.30683	-15.076
7.64521	-13.2684
2.66106	-12.7694
3.33437	-14.1332
3.34446	-13.6791
-4.57331	-14.6976
-2.89815	-16.303
3.556	-25.1764
-0.273327	-28.7967
-6.50691	-28.1245
-6.90189	-26.7694
-6.44828	-26.2851
-3.71975	-23.9011
1.2701	-17.7106
0.86828	-8.50309
1.65754	-16.2363
2.34747	-12.3566
0.768697	-13.8637
-0.330524	-9.05781
-6.69616	-12.8109
-3.83035	-10.3018
-2.81279	-17.5613
-1.26603	-25.7265
-3.78096	-22.2372
-3.66063	-21.6618
-3.73053	-20.4392
-4.24172	-17.1833
-3.98352	-16.1571
-2.46462	-18.5371
-5.69193	-17.8563
-4.13495	-14.8649
-2.747	-10.5214
1.56989	-6.45764
0.754174	-5.33932
-5.90768	-7.80177
-6.05466	-4.81017
0.825669	-10.886
4.22322	-18.366
-0.756351	-16.5632
-0.216206	-16.1963
-2.29533	-12.3462
-2.3608	-15.1606
-9.40246	-18.8907
-8.33777	-15.9123
-6.01357	-15.5074
-3.6099	-17.0537
-0.0598448	-17.0549
-0.904154	-15.4465
-1.97558	-15.6231
-0.984139	-14.5439
-0.511657	-13.9217
0.32008	-15.2869
-1.59137	-12.577
-2.34721	-9.93011
-2.28807	-8.64874
3.7453	-5.87702
-0.621805	-0.0578183
0.213514	-0.00149723
-7.03103	-4.89571
-4.18828	-6.18397
-3.43546	-2.62848
-9.25675	-12.1776
-7.72664	-15.9657
0.245721	-12.6341
2.9181	-6.53653
3.19605	-22.7722
2.24864	-28.4272
-0.617365	-27.0721
-0.646956	-28.7639
-1.03971	-28.8301
-0.167789	-29.2438
-0.744773	-30.9605
0.1687	-30.0302
1.81811	-32.6487
0.689003	-31.4378
0.877221	-31.1856
0.127725	-31.5011
-0.464685	-30.7909
-1.33891	-29.992
-1.94461	-28.1385
-1.82376	-27.3932
-2.97358	-25.4913
-1.95622	-23.6815
-1.98627	-22.0234
-1.44472	-18.5507
0.282038	-15.6086
5.24492	-19.4777
8.92711	-26.0538
7.53531	-23.7539
5.59318	-20.4446
6.8027	-22.0695
6.50692	-20.9033
7.41523	-20.6176
7.8202	-22.1056
8.42236	-20.7812
7.8536	-19.9413
7.90889	-20.5884
7.6869	-20.8235
0.0353713	-16.4268
-1.69259	-18.6401
-0.288333	-20.555
-1.83971	-18.0971
-2.12332	-17.9239
-3.24317	-16.5648
-3.82731	-16.005
-4.09974	-13.6667
-2.71979	-14.9192
-3.63715	-9.05941
-3.48241	-1.99599
3.5575	-2.38951
3.02276	-6.93996
0.141156	-8.54517
4.00004	-14.2478
4.09601	-19.6466
4.29312	-23.3045
3.99953	-26.3779
4.74659	-26.3899
4.06764	-25.0935
2.64879	-17.4461
-7.271	-8.48125
-6.68081	-11.1066
-5.08812	-12.5809
-2.61243	-16.0743
-5.18993	-16.099
-10.29	-11.9496
-12.2461	-11.4567
-14.7275	-9.15701
-14.3143	-10.9335
-13.9788	-12.6453
-13.7764	-12.9088
-13.4599	-12.0124
-12.9611	-10.8787
-11.4174	-10.2433
-9.44438	-8.01127
-8.41772	-7.13838
-8.02769	-8.75011
-8.17059	-11.1989
-9.18742	-13.1852
-10.2361	-13.1266
-10.1188	-12.5768
-10.0719	-12.1002
-9.36823	-12.0352
-8.58688	-12.4164
-7.18555	-12.916
-8.25633	-9.99192
-8.29952	-8.67446
-6.16708	-10.8794
-6.31366	-7.079
-7.09018	-6.30458
-9.38158	-4.32792
-9.46458	-0.727478
-4.15611	-2.8121
-6.37444	-6.9275
-5.34147	-4.4077
-2.6228	-12.5343
-2.00792	-8.28622
3.719	-6.3812
-1.73328	-7.37832
-5.65729	-6.8836
-3.40263	-8.77921
-2.60706	-6.43867
-5.0617	-4.56078
-4.03688	-5.10125
-3.74192	-5.0914
-1.79435	-5.66369
-0.920614	-5.4532
-1.85479	-3.78594
5.94295	-3.81211
3.91862	-4.50121
9.37111	-1.48729
6.90705	-0.684657
3.98464	-0.0018972
1.72935	-4.24776
-8.71269	-13.7664
-5.4836	-14.8463
-6.27714	-5.7528
-3.92842	-21.0609
-3.84072	-25.3676
-5.39692	-24.1481
-3.27901	-23.0835
0.213187	-15.8505
1.85611	-18.7961
3.21411	-18.5922
3.47101	-19.0565
1.88077	-16.1533
2.64127	-16.5968
0.549942	-13.6838
0.24446	-14.9545
4.02755	-11.5359
-0.887416	-8.91151
-0.824772	-3.67065
-5.1036	-2.94168
-8.88487	-3.90869
-9.93528	-5.24118
-2.45851	-4.63641
-0.151582	-3.30422
-2.43492	-1.14029
-2.31935	-4.11941
-0.87702	-4.52942
-2.83408	-2.0882
-12.4151	-16.8461
-9.52255	-16.562
-4.56136	-18.1281
-3.07378	-15.8841
-3.51844	-6.96691
-8.8085	-7.59685
-8.93614	-10.7361
-1.91981	-20.5893
-5.54954	-22.577
-4.94836	-22.6044
-6.88988	-18.2263
-1.86581	-18.3906
-0.64862	-11.672
-4.51497	-4.43757
-11.7908	-5.59235
-11.1869	-3.34525
-13.123	-13.1321
-13.5684	-7.8266
-12.0131	-3.1603
-13.3266	-11.0004
-10.4667	-11.8674
-6.55109	-15.9194
-7.89069	-10.7148
-4.26013	-12.8236
0.460956	-6.81988
0.0457686	-12.7358
-3.27321	-7.90488
2.95353	-11.5589
0.259477	-11.8099
0.000554532	-9.22635
-0.413248	-8.98764
5.51166	-7.73574
0.55089	-8.47539
2.28882	-10.1596
1.36433	-17.1792
7.37044	-12.1824
5.10462	-12.0933
7.62566	-17.9004
7.49104	-17.5849
3.0354	-14.9132
2.42938	-14.0196
0.976518	-11.369
0.160973	-10.3466
-2.59073	-8.10158
0.199231	-12.9354
-1.52874	-9.28701
2.4517	-6.67701
5.71769	-2.87366
12.0541	0.0306287
10.436	2.29452
-15.4449	-9.86838
-12.403	-7.66752
-7.17189	2.91784
-8.29762	-0.279468
-13.2822	-9.70494
-13.0198	0.939976
-11.9374	-8.1414
-13.4828	-6.29209
-14.4227	-7.25156
-8.00034	-4.48661
-7.8943	-6.43126
-7.08185	-5.46617
-7.02234	0.28356
0.15104	-11.0698
-3.03087	-4.0046
-0.229598	-1.48669
0.54233	-1.76454
5.6879	-4.52019
2.8827	-0.126601
5.28084	0.726969
-2.05906	-6.78117
-1.62073	-5.33409
2.33848	-8.01943
5.45535	-7.88474
4.64614	-2.77154
2.38074	-5.97288
0.28177	-9.77029
-3.73337	-11.3416
-4.12757	-7.80457
6.99882	-5.92577
-1.36249	-5.10391
-0.425283	-5.10344
3.72742	-2.37524
2.81063	-2.87054
2.15247	-5.67375
-0.598205	-5.24265
0.36684	-3.30092
1.05271	-17.7396
2.46106	-16.2225
-4.37916	-13.0287
-6.2723	-16.269
-4.797	-19.4864
-3.41149	-21.3995
-4.63948	-19.882
-4.76183	-23.8006
-5.7966	-26.8202
-6.96632	-28.7034
-6.53305	-27.8347
-2.84704	-29.1261
-1.08748	-26.0759
0.154606	-22.9139
-2.80522	-16.3084
-4.70795	-11.1606
-3.82986	-10.2454
4.19473	-14.6479
2.06718	-14.8889
1.46046	-12.1045
3.42789	-12.7111
-1.68719	-7.68375
-11.2046	-3.18413
-6.64004	-9.73145
-11.6144	-5.7564
-13.5712	-4.5204
-15.4369	-2.77147
-16.0782	-2.5435
-15.7694	-4.28451
-13.0167	-4.62536
-3.38383	-1.95665
-2.80981	-9.64964
0.118806	-10.8908
-1.55011	-9.55087
-0.373955	-9.955
-5.15183	-7.90078
-5.91596	-7.36103
-8.09628	-12.2216
-9.90748	-16.7955
-1.68954	-7.58566
-9.97095	-6.64498
-14.1544	-5.51009
-15.6279	-3.81891
-15.0535	-3.66009
-14.1517	-4.47957
-12.313	-1.27391
-3.80668	-6.69691
-1.29541	-12.6885
-2.55652	-14.1125
-6.75731	-17.7701
-6.06394	-9.95724
-6.578	-9.76392
-8.80129	-17.5647
-5.58975	-13.9728
-10.1609	-10.8379
-10.3394	-8.77386
-9.29912	-9.23978
-10.8162	-7.91754
-10.3435	-6.99934
-10.6075	-5.50674
-9.7682	-6.99436
-6.36238	-12.788
-7.83992	-12.2572
-6.64573	-14.3785
-4.8984	-14.662
-4.22935	-14.9976
0.663563	-15.2598
3.35177	-12.257
4.29043	-11.7224
4.08157	-12.4916
3.95901	-12.8144
4.05717	-13.0361
4.22055	-13.3883
5.52476	-14.331
2.53464	-11.5224
3.57465	-13.3652
2.71084	-12.8413
2.08465	-13.1215
0.83855	-11.2539
-1.01528	-9.07433
-2.46073	-8.9273
-13.5034	-16.5513
-18.6644	-11.9296
-19.2538	-11.3926
-20.135	-9.57348
-21.2708	-8.32377
-21.6629	-8.28808
-23.0375	-7.94854
-22.6554	-9.57266
-22.0034	-9.41204
-19.9229	-10.9463
-13.3799	-12.2515
-7.63467	-12.5945
-3.61008	-8.4797
-1.75297	-9.27262
1.87794	-5.67486
-0.429934	-5.17123
0.127866	-1.49251
4.30093	-5.88
1.75275	-7.04316
1.86788	-14.3574
1.11626	-16.9753
1.84973	-20.2284
-1.50392	-21.134
-4.44524	-19.0868
-6.91029	-17.4338
-8.81857	-15.2459
-13.8804	-11.7751
-15.1519	-9.20112
-13.528	-8.10783
-12.4701	-8.88489
-14.4591	-8.56779
-11.2366	-11.4491
-13.7393	-8.9829
-14.0912	-9.51936
-14.1386	-7.51928
-14.9899	-6.46964
-14.3181	-6.65499
-13.4587	-5.32101
-13.0667	-6.49733
-13.4404	-4.54394
-12.148	-6.74927
-11.9551	-6.68175
-11.4091	-7.58856
-9.07846	-7.5405
-7.81083	-8.26897
-5.25882	-7.52589
-4.04899	-6.76496
-3.08287	-8.17551
-2.43033	-8.37188
-1.7062	-9.89525
1.77302	-12.8673
4.22583	-15.6055
5.3446	-15.7061
6.831	-20.1545
6.69181	-18.7232
3.21442	-17.413
4.15504	-18.8205
4.06282	-18.9375
2.02189	-13.0463
-0.939336	-10.4975
0.698456	-11.9583
7.39366	-9.84126
5.55053	-2.32305
0.997763	1.07216
-1.87238	-3.3873
-5.43415	-2.42237
-8.82551	-2.14852
-10.5186	-8.22334
-6.53155	-11.3958
-5.72265	-15.6331
-5.28454	-9.23717
-2.07818	-9.89535
-1.02012	-8.00893
3.00587	-10.0497
-6.1242	-19.2462
1.83031	-28.8436
-0.29294	-28.1285
-1.73722	-25.6017
-2.37065	-25.5218
-0.0379297	-25.5818
-5.77451	-19.7666
0.441776	-21.3294
-5.60011	-20.8657
-1.95949	-17.0417
3.70055	-8.84319
-0.0277668	-6.77577
-7.11041	-8.25957
-11.6307	-9.12872
-9.31766	-7.13976
-8.18158	-4.38592
1.17639	-3.12048
6.52009	2.99971
-0.368415	-11.6907
-2.24369	-8.46818
-2.36775	-9.19808
-1.28941	-11.6614
-4.42726	-9.89834
-8.62859	-7.65852
-1.21986	-13.87
7.00386	-16.1316
2.56147	-19.59
-10.1161	-6.49816
-6.84658	-8.92028
-6.38711	-11.4514
-4.88097	-11.0641
-2.78907	-10.4613
-3.16726	-7.96285
-5.04492	-5.3158
-7.91444	-2.90839
-8.86768	-12.2874
-2.73069	-12.7216
-2.3214	-18.1567
0.259679	-14.4171
2.79292	-4.05873
1.58281	-3.40193
-8.53954	-11.9499
-7.26303	-10.5009
-7.86526	-12.7733
-7.23915	-13.1364
-8.4251	-9.47326
-9.42292	-12.8961
-6.68587	-19.3845
-3.9456	-13.8096
-0.769665	-9.6355
1.89634	-16.1337
0.0953391	-22.6925
-1.47206	-25.2348
-2.72337	-22.0012
-0.228873	-21.9637
5.69278	-17.4111
5.35954	-9.47372
-0.148214	-10.0974
0.591267	-10.684
1.85817	-3.57281
-1.50986	-5.14999
0.870475	-5.1974
-1.61574	-12.1568
-0.631713	-4.2954
-16.7852	-4.28135
-14.8019	2.23381
-11.2465	-3.10932
-19.733	-12.1404
-5.88036	-7.75753
-2.25358	-1.19099
-3.83055	-14.3211
-13.1393	-14.3178
-11.3461	-17.6089
-11.8206	-15.413
-10.7225	-15.8552
-7.1704	-16.9991
-3.43119	-18.467
-5.13904	-14.3013
-5.31821	-16.0561
-3.72067	-18.5499
-2.05582	-16.1578
4.8937	-11.1098
5.44835	-1.86067
3.89416	-4.40875
-19.6128	-15.0746
-16.3109	-9.81155
-5.58881	-12.5586
-1.62637	-8.9251
2.01011	-7.30723
3.23092	-4.62293
7.76151	-5.03312
-0.0725744	-8.15557
-5.16	-13.4194
-9.06981	-10.2416
-6.223	-14.7173
-8.39463	-15.0329
-12.675	-10.6679
-14.004	-8.10575
-14.9701	-6.22507
-19.4016	-5.15055
-19.562	-9.06425
-18.8432	-11.655
-18.705	-15.6459
-14.1453	-15.5315
-14.228	-13.668
-7.09558	-14.5736
-9.13672	-12.7089
-6.12603	-17.975
-0.993657	-18.5731
0.395332	-14.2165
1.69545	-1.30419
1.97073	-4.04553
-0.811908	-10.184
2.2828	-10.8214
3.42578	-3.36477
1.95813	-10.6459
0.673256	-9.86296
-4.24286	-9.63186
-0.900899	-9.30629
0.489971	-6.18377
-3.16853	-10.2712
2.79801	-4.61596
-0.568556	-10.2685
0.102353	-8.18095
3.17694	-3.5041
-1.28534	-4.71572
-1.6848	-2.83641
0.403032	-6.82804
-3.36328	-4.98936
-0.974573	-5.12827
2.10645	-4.92361
-0.0677713	-6.76152
-0.782322	-6.6963
0.727721	-5.43601
-3.30889	-9.27996
-6.2922	-10.2898
-1.6284	-3.01892
-4.63029	-11.4029
-6.00713	-6.45756
-6.92401	-4.50699
-9.57757	-2.37844
-10.9787	-1.1915
-4.13975	-10.0938
-8.47093	-4.58386
-10.7456	-4.31994
-12.455	-4.78766
-14.1513	-4.00471
-14.6559	-5.57011
-14.5935	-5.99652
-14.1053	-5.71511
-12.8152	-6.59269
-12.654	-6.14061
-11.135	-5.5796
-11.8581	-4.49301
-10.3256	-4.68882
-8.10049	-6.10071
-5.88867	-7.48359
-4.20158	-10.5932
-2.11862	-13.513
-1.02715	-13.7989
6.22981	-17.8302
-1.64597	-16.5601
-2.00223	-12.1311
-2.94189	-14.3109
-0.290398	-9.34247
0.984084	-10.2597
-5.49093	-4.36888
-11.0291	-7.7135
-17.0871	-5.67801
-16.4482	-4.088
-10.5176	-2.99506
-8.9214	-0.329445
-6.38425	-7.59012
-7.83251	-6.76378
-10.2208	-8.24785
-8.32568	-4.81256
-7.82076	-0.329666
-7.926	0.792553
-6.82143	0.375059
-6.43647	-2.63709
-9.70683	0.0350791
-8.08957	-2.65688
-7.4941	-1.02287
-6.52131	1.55106
-7.35814	-1.13866
-5.96881	-1.95283
-5.86693	-4.71518
-3.13812	-3.68704
-0.161081	-3.78156
2.07984	-7.73651
0.543967	-7.63557
4.38256	-11.0315
1.89096	-14.3055
1.57387	-18.8135
-1.51887	-19.9094
-0.588634	-24.9589
0.69165	-29.5061
0.233625	-30.9681
-0.898488	-30.4503
-0.033605	-32.1499
-0.989268	-32.1279
-1.25843	-31.283
-0.831344	-31.9046
-0.501944	-30.2213
-1.04499	-29.0148
-1.42184	-28.1218
-2.79358	-27.5533
-4.0894	-28.7324
-3.71829	-28.0167
-3.38596	-29.8773
-2.50881	-29.7054
-1.71217	-28.5677
-3.50076	-25.4091
-5.4536	-18.0052
-10.2953	-12.8454
-11.935	-11.5942
-16.4062	-8.51169
-18.4985	-10.0506
-18.0313	-12.9921
-22.8714	-9.54568
-23.7858	-10.9863
-19.2627	-15.3893
-23.3445	-11.4933
-23.4567	-12.905
-21.9427	-12.9794
-18.28	-13.4308
-8.94225	-9.96854
-3.66589	-9.97598
3.1674	0.785644
4.44946	-5.50143
6.38733	0.821611
0.674288	-1.55152
-6.57632	-0.145754
-11.0856	-6.89925
-8.91727	-4.9377
-11.427	-8.14845
-11.0631	-6.09835
-11.0747	-8.45738
-7.42693	-6.14195
-6.63635	-5.34735
-0.296169	-6.53303
-3.76292	-8.21009
-5.98288	-6.16295
-3.05675	-9.2214
-2.27192	-11.3869
-1.96746	-11.3448
-0.44188	-12.529
0.189211	-15.5076
0.474033	-15.1707
0.0604747	-22.1552
-1.24759	-19.4571
-4.42152	-14.8333
-4.83189	-13.7257
-1.84819	-13.4495
0.359805	-15.9006
4.08562	-9.15529
0.121697	-6.27239
-2.73348	-12.0055
-2.61735	-16.1946
-12.9457	-13.9396
-21.0977	-15.8148
-15.2649	-11.2844
-10.6897	-5.84658
-11.1225	-8.2268
-3.90838	0.228798
-8.89688	-10.794
-11.7004	-9.84948
-10.9234	-9.85462
-2.3124	-14.5545
1.50624	-19.2757
0.817803	-19.266
0.416572	-18.4393
3.01191	-21.9251
2.45033	-21.2558
1.30832	-18.7081
-0.440911	-14.98
-3.08438	-16.7628
0.376225	-23.0381
-0.631582	-24.0829
-0.361154	-24.3582
-0.989715	-22.6576
1.31802	-22.118
-1.5638	-21.9178
-1.85525	-21.7077
0.9835	-20.8431
-0.0962271	-22.5575
3.69894	-20.6524
4.94675	-17.6526
4.77973	-20.0429
6.4283	-10.7818
5.00395	-15.111
6.83912	-11.1494
5.34705	-10.5797
1.7575	-11.0904
4.91936	-11.8248
-4.75724	-14.6508
-0.230221	-7.51634
-3.14454	-6.4484
-0.0861447	-7.03057
3.46319	-13.2865
-0.047528	-4.91161
1.67873	-5.53079
1.79986	-2.69009
3.29339	-3.24437
1.6332	-9.01624
-0.852592	-1.88505
-0.0268158	-2.11652
-3.66182	-7.36734
-3.05814	-5.04933
1.27285	-4.25151
1.89687	-8.63083
0.669194	-11.0836
-2.17869	-4.25815
0.9189	-5.78385
6.9211	-4.0741
6.31927	-2.54565
-2.20102	-16.9097
2.45182	-16.3066
-1.78899	-15.012
0.577587	-15.6038
4.48924	-14.8177
4.00561	-14.5936
-0.401363	-18.1062
-5.72112	-16.5187
-10.3915	-12.1961
-10.4769	-10.8627
-10.3284	-12.1189
-9.20492	-12.8924
-5.5082	-14.3266
-1.48469	-14.1366
-1.92559	-12.2798
0.230616	-12.8142
1.57541	-17.6894
0.606815	-20.741
2.22379	-27.5053
-0.24426	-28.7021
-0.782613	-27.9461
0.231222	-24.9664
2.51126	-23.9472
0.522524	-16.6382
1.48955	-10.8565
0.936302	-7.85825
7.14679	-3.89806
9.58551	-1.52911
8.58231	-2.9103
3.26264	-2.11298
5.36845	-5.46011
3.93011	-5.52597
-2.79132	-10.0819
-5.91903	-9.82369
-6.82738	-9.04869
-8.13632	-6.39418
-9.25996	-4.43029
-8.03226	-5.31637
-2.76887	-10.0255
-1.30732	-13.8165
3.86328	-10.6845
5.92437	-7.35114
-3.67123	-6.78481
-8.46386	-9.94051
-12.7424	-14.7963
-13.879	-11.263
-8.27836	-9.41668
-11.054	-4.18196
-8.98913	-4.6513
-13.6947	-6.91187
-10.9766	-9.66015
-7.06012	-14.5189
-3.37022	-11.0748
4.1084	-15.2931
2.25664	-24.471
-0.557038	-25.4761
-3.81951	-21.0669
-5.5381	-19.9057
-7.96637	-18.4708
-9.03171	-17.5426
-9.3777	-16.497
-9.86734	-15.3377
-10.0789	-14.3929
-10.7455	-13.2583
-9.56699	-12.9678
-10.192	-11.645
-9.93532	-10.7827
-8.55801	-12.1293
-9.55225	-10.4673
-7.97377	-12.1173
-10.3471	-9.54576
-12.3368	-7.66458
-12.6222	-8.78986
-14.0806	-6.27933
-15.1768	-5.77473
-14.2249	-6.60876
-13.5007	-9.41822
-13.493	-9.17798
-13.4208	-9.31658
-14.1453	-5.81303
-12.6628	-5.8027
-5.98064	-11.6356
-3.05678	-16.5076
-5.18657	-9.28272
-2.03929	-10.1744
2.15736	-8.91985
-4.94338	-8.25749
-6.56247	-3.66765
-3.7258	1.47898
-9.89775	1.16369
-12.0575	-0.625691
-14.4634	-0.813614
-8.06378	-5.70756
-8.85565	0.0107827
-8.48856	-2.2917
-8.86216	-1.2147
-7.87507	-4.25421
-4.10262	-8.18386
-4.32604	-7.29225
-4.72639	-6.65166
-7.16546	-8.73848
-6.63772	-10.4528
-5.72635	-9.90794
-4.12297	-12.6054
-1.67504	-14.543
5.46417	-16.3371
6.56406	-19.1678
5.70653	-19.9608
7.11322	-21.1679
5.60813	-20.3036
5.2723	-20.3503
5.00466	-22.0326
4.38973	-23.5917
4.90673	-25.1052
5.00397	-25.0954
3.65296	-28.0931
0.596974	-27.2846
3.73813	-28.2945
4.67384	-22.2907
0.580536	-16.0226
-1.25736	-21.1127
-2.39023	-25.9931
-2.3842	-28.1196
-3.06224	-29.3852
-1.89508	-32.1707
-0.734778	-32.4649
0.594099	-32.4707
4.22495	-32.5418
5.27747	-33.7553
3.76343	-22.5336
3.50028	-16.404
6.79857	-13.4887
7.28719	-15.0759
-1.89551	-17.8902
-7.98942	-12.7366
-11.5725	-6.03033
-15.7833	-1.42876
-15.0309	-7.71025
-6.1993	-12.69
-1.44091	-8.87208
-5.61886	-7.65166
0.344656	-3.92828
-2.6097	-11.6713
-4.71985	-13.8473
-9.85861	-9.92061
-11.6615	-9.84638
-8.05972	-13.1603
-5.84855	-16.4567
-6.25069	-16.1207
-5.46792	-15.1571
-0.986942	-8.83705
-0.452568	-7.46182
3.47632	-4.74715
-2.07983	-7.99746
-3.6434	-11.4863
-4.90382	-12.1755
-7.56624	-17.8292
-1.5715	-9.5159
-2.07526	-14.2805
-2.88122	-18.2149
1.2568	-22.9988
2.16683	-22.3454
1.22582	-19.7798
3.35578	-17.4014
2.84916	-22.9702
3.68996	-22.4219
5.16064	-22.9612
3.43725	-22.0153
4.27097	-21.21
3.77733	-22.2187
-0.1315	-18.6355
-6.08463	-13.0514
-10.7236	-13.4106
-11.8928	-12.6769
-12.4183	-14.22
-12.4272	-16.4537
-9.73274	-18.6163
-4.74234	-19.8597
-1.67108	-18.1144
-1.25447	-16.9271
-0.640855	-16.2503
0.372053	-17.8542
-0.696042	-16.5153
0.466719	-16.3001
8.51654	-16.3175
6.68785	-20.4176
6.47333	-19.551
7.51626	-20.6122
8.99289	-21.0949
7.7656	-19.3245
6.1621	-16.0362
0.78313	-13.3344
-2.31857	-10.8715
-2.56078	-10.3736
-3.92593	-9.11774
-3.62158	-9.05891
-3.90824	-7.73084
-4.97053	-8.382
-2.52313	-13.0646
3.99228	-13.8817
8.3535	-13.6534
5.53096	-13.3419
3.65509	-8.79599
0.575389	-8.26758
3.19882	-10.6792
3.42641	-9.45531
4.03785	-2.68982
3.51625	-0.137486
-1.86751	-4.64209
0.308701	-4.78684
0.877452	-9.58317
12.511	-4.34645
4.74275	-7.23215
3.39132	-6.8566
2.51734	-13.4128
0.208349	-20.0975
1.70818	-24.0458
-4.11846	-20.1518
-5.80102	-21.0901
-6.3172	-20.4928
-6.32728	-19.0151
-5.42388	-17.5777
-3.81115	-14.7546
-1.84477	-18.4205
-2.77443	-12.6431
-1.0325	-11.4548
-1.18051	-13.9159
-3.37194	-3.84051
-1.45463	-3.93038
-0.240757	-5.47124
0.13239	-4.87242
3.25028	-5.12637
0.92879	-5.23099
6.3644	-10.0994
-1.74918	-7.52129
-7.24208	-6.83109
-10.7658	-5.36963
-11.3504	-5.31427
-9.97591	-7.77751
-7.35045	-10.864
-7.86845	-10.5039
-8.31674	-9.03111
-12.5802	-4.51834
-11.4813	-5.92395
-6.43382	-7.48375
-2.76286	-2.75633
-6.68058	-0.657768
-11.735	-7.48218
-14.6191	-3.84651
-16.1141	1.58902
-16.2657	1.14649
-12.1046	1.44204
-18.3284	-3.31137
-12.9727	-0.79702
-9.18147	-0.63235
-9.87062	-3.02694
-1.68982	-7.30576
-12.241	-9.22315
-12.8389	-8.28907
-14.2352	-6.72966
-10.3089	-10.9702
-10.2736	-12.2891
-9.11509	-13.0206
-13.6476	-10.271
-17.6981	-5.22734
-18.7895	-5.9502
-19.4094	-6.14635
-11.2252	-4.56661
-1.57557	-10.3611
-0.145365	-8.75129
-2.73887	-10.4546
-6.00419	-14.4308
-1.35847	-14.0375
-0.903587	-8.71639
0.723067	-7.53877
-6.40551	-20.8914
-14.5996	-18.3318
-12.3078	-19.6225
-9.15997	-21.223
-7.75329	-19.5791
-4.05623	-18.5722
-2.97548	-18.2199
-3.28027	-16.8442
-0.920224	-16.8475
-0.788891	-16.0002
-1.06987	-14.5013
0.966152	-15.3533
-0.0696459	-14.197
-0.777538	-14.0885
-1.45486	-9.20804
-4.84106	-4.78994
-5.3341	-12.4846
-5.44168	-14.0804
-3.6003	-17.7559
-3.16131	-17.9211
-1.8603	-16.7035
0.131439	-21.5399
1.25858	-24.2775
1.22461	-24.3911
0.279467	-23.7525
-0.36391	-22.5675
-0.832713	-22.3249
-1.21713	-22.2348
-0.0601918	-23.0707
-7.41964	-21.9751
-5.06507	-26.1005
-1.87834	-25.8244
-5.97831	-21.8473
-5.04116	-20.5427
-3.46677	-21.2288
-0.395738	-21.6011
1.97749	-19.8756
1.11634	-21.045
2.50204	-21.2441
3.6869	-17.8704
1.81138	-11.3545
-0.495092	-5.94572
-3.60336	-6.71772
-4.95786	-5.947
-7.38345	-5.10583
-10.962	-3.39919
-6.4222	-8.03172
-10.2251	-2.11564
-9.0138	-6.14316
-7.93262	-4.95581
-9.62156	-8.55588
-8.17946	-4.02012
2.59612	-4.5189
3.88943	0.700705
0.351439	-3.73371
-1.33635	-7.31194
3.74385	-8.83229
1.75766	-8.61223
-3.54622	-9.66526
-4.07566	-3.82538
-3.91723	-12.5501
-2.77596	-8.402
-7.43291	-1.08864
-7.45215	2.02304
-10.4838	-5.76778
-14.4019	-6.90285
-15.2258	-5.83494
-16.5981	-4.21005
-12.0344	-5.62912
-4.82544	-7.57473
4.5826	-16.0414
6.07266	-15.8062
7.19235	-13.1968
8.76373	-15.2488
7.29781	-12.3183
-2.29764	-13.6176
-2.16431	-9.5454
-0.451131	-9.96574
-2.94822	-8.44366
-1.44212	-10.0532
0.723112	-11.7995
-0.832725	-10.2194
-2.60928	-7.59575
-3.91429	-6.19545
-3.10825	-7.8792
-2.6065	-8.59798
-3.72552	-7.04734
-4.12639	-7.07628
-5.128	-6.60134
-2.98322	-8.65676
1.86254	-5.12597
-0.742957	-10.1395
-2.27854	-11.8401
4.73194	-6.4817
5.56883	-4.19349
0.186883	-3.56595
-1.15787	6.05317
-0.511122	-0.61368
-6.57248	-10.2514
-7.97498	-10.2954
-12.871	-4.78005
-13.1079	-2.62848
-12.0444	-4.97904
-9.00571	-7.85154
-9.48432	-9.48734
-9.84838	-11.5043
-11.882	-10.0534
-10.3077	-9.68654
-8.88012	-10.2135
-6.26847	-13.8348
-4.55542	-20.4224
-3.2171	-25.0964
-2.06697	-26.0047
-0.650191	-14.9865
2.08744	-18.0084
3.30927	-19.7812
1.50032	-19.3545
0.0895363	-18.6698
0.54213	-14.4436
0.0681507	-12.579
1.44254	-13.4555
4.22921	-4.308
-6.58059	-10.2807
-10.1731	-10.6915
-9.44267	-7.6875
-4.89683	-7.81991
-6.28281	-6.30803
-10.1799	-6.72473
-2.85799	-11.0271
0.438931	-5.01587
1.86122	-4.10233
0.824995	-7.4062
3.1397	-7.51725
2.68378	-6.37341
3.05941	-8.96172
5.14316	-17.8459
2.10514	-24.1444
-0.821527	-24.1796
0.276247	-29.426
0.0933096	-30.09
-0.017489	-30.407
2.7066	-25.5385
0.741254	-15.8054
-0.774697	-21.3293
-1.43557	-22.5664
-4.02905	-21.0332
-5.08939	-17.0879
-6.8091	-13.4393
-6.91962	-11.9577
-7.16852	-11.3862
-8.05289	-11.3322
-8.36029	-12.4029
-7.34318	-13.7271
-8.65634	-11.0211
-12.762	-6.27463
-13.1646	-6.29248
-10.7776	-8.54835
-4.86809	-11.1262
2.0838	-4.16092
2.44361	-9.31726
-4.09241	-15.1386
-4.39966	-14.0203
-6.21396	-10.9952
-8.53816	-8.8157
-10.1375	-7.31602
-7.5245	-8.42733
-11.6964	-9.40149
-11.7338	-9.74909
-8.33552	-11.9777
-7.35034	-13.9253
-6.03728	-10.3195
-4.18774	-6.47762
-6.30882	-9.37881
-6.80703	-8.15433
1.54651	-4.25814
0.277766	-5.50063
-2.60539	-6.92284
-8.5893	-12.9362
-6.06745	-13.1123
-5.88068	-15.3268
-7.51825	-15.1355
-3.20855	-11.5521
-2.80606	-13.368
-4.99281	-10.3489
-6.17689	-9.23633
-6.94514	-7.9648
-0.368653	-11.405
7.65159	-15.2471
9.4427	-14.9632
8.61101	-13.6104
7.13232	-12.7771
0.91407	-11.9039
-5.28854	-12.5784
-11.2042	-4.77955
-9.5493	-3.18481
-7.84313	-3.31461
-6.37784	-5.80823
-6.01113	-7.63746
-5.21793	-10.7196
-3.48212	-15.281
-2.93771	-15.9525
3.9013	-11.2219
-0.709964	-6.37926
-0.749219	-6.70643
1.18044	-2.49352
-3.85352	-5.38009
-5.46812	-9.35541
-5.37067	-13.6423
-10.2275	-20.1804
-0.846468	-24.4733
-5.0847	-24.6137
-3.28237	-27.2703
-4.04212	-24.941
-1.42474	-24.6527
5.05291	-26.4037
4.50181	-21.2061
4.87048	-16.1767
1.25273	-13.543
1.3786	-13.0989
5.07089	-12.6754
4.9863	-12.5018
4.22002	-11.0777
4.03854	-13.1401
5.12083	-14.2157
5.1951	-12.7531
6.45779	-8.67221
0.889116	-11.48
-0.227859	-13.6972
-0.374956	-19.9979
-0.0514832	-21.9817
-2.54108	-18.4799
-4.47593	-14.708
-5.29164	-12.4832
-7.52241	-9.79102
-7.34378	-7.80565
-0.391314	-6.69045
5.99579	-8.54205
3.42185	-13.9673
-3.04622	-14.832
-3.78524	-11.6429
-2.18454	-8.45573
-5.56172	-13.4481
-8.97955	-10.9509
-7.32135	-9.0306
0.869983	-6.51497
2.17011	2.52262
-5.4615	-7.3935
-6.11368	-7.44487
-9.33922	-11.0068
-8.90411	-9.31074
-3.61392	-9.97114
4.909	-12.8716
7.14415	-15.2602
7.66722	-15.7026
7.39547	-15.224
7.62706	-16.4801
7.23213	-14.5109
8.77376	-16.2172
7.90384	-15.7241
8.42966	-16.6755
8.17967	-17.4486
7.82176	-20.1648
9.00657	-19.9195
4.91534	-12.4734
-3.6342	-12.0535
-5.64961	-12.5783
-5.39051	-13.5184
-3.65143	-15.2472
-2.74056	-15.4961
-2.51551	-15.305
-6.42503	-10.7884
-6.92027	-12.0066
-7.66236	-12.2976
-3.61029	-13.8417
-2.30196	-17.3864
-1.66132	-19.4564
-4.02822	-18.1339
-6.994	-16.388
-8.87445	-13.6366
-8.89766	-13.9099
-7.14416	-14.1992
-8.94856	-9.17886
-11.4529	-4.51828
-9.65949	-7.10858
-7.30624	-3.84565
-5.58876	-4.52594
-10.572	5.54978
-16.8935	1.82865
-10.541	-1.42931
-10.94	-6.217
-13.1068	-2.33068
-17.5414	-6.58002
-12.2824	-6.13564
-3.08046	-1.36151
-9.3969	-5.91316
-15.5349	-4.2557
-14.5997	-3.80368
-12.3484	-4.34984
-9.99655	-6.08436
-11.2996	-4.6479
-11.8461	-7.82964
-6.92309	-10.8749
5.04272	-14.6417
5.82622	-9.40606
5.52508	-6.27222
-6.13491	-2.89469
-9.37844	-8.59617
-9.37045	-7.48956
-8.52704	-9.72852
-8.6734	-10.3579
-8.19981	-7.32599
-7.13274	-6.00056
-4.86525	-5.9315
-1.20005	-6.7948
0.475365	-6.30168
1.22258	-6.59403
2.08251	-6.80765
2.72264	-7.51155
5.059	-9.85331
6.26267	-12.6979
2.2827	-12.0652
5.25487	-15.517
3.59952	-15.5825
5.60413	-17.4315
4.73359	-8.88514
5.91524	-15.405
1.54761	-9.95928
2.75774	-14.7537
2.24587	-13.3763
0.705899	-13.226
2.05928	-10.5059
1.29564	-10.4884
8.09066	-6.85724
8.46459	0.0643273
9.3472	3.31984
4.26823	-2.12694
5.05369	2.40402
1.1944	4.28135
0.488189	-1.16045
4.67084	-2.02242
1.54485	0.137231
0.611063	-4.46114
0.754852	-7.56862
-1.01169	-3.84141
-1.67297	-7.0786
0.33202	-7.22535
1.11728	-2.22553
0.363832	-3.07516
-3.90719	-3.75486
1.84037	-3.12046
0.746891	-6.73732
-2.29613	-1.41536
2.50863	-3.15546
1.70147	-9.4816
4.47624	0.0374147
2.73477	2.14993
1.60111	2.43689
4.93416	-3.23314
-10.4526	-19.6863
-11.9096	-22.6042
-10.0938	-26.8313
-8.45394	-23.0671
-7.89464	-20.1324
-2.8495	-16.8457
-1.67832	-14.6791
-1.87187	-13.7863
-0.708961	-12.0055
0.152863	-10.8928
0.775944	-12.0834
0.341857	-11.9429
-0.268607	-11.4371
-0.700624	-11.0351
-0.419069	-11.2264
-1.7849	-13.1853
-5.23348	-15.4919
-9.197	-14.1092
-10.8403	-8.41077
-12.0369	-1.8595
-9.38153	-1.36384
-8.72576	-1.73786
-2.29971	-5.04257
2.35257	-2.59435
-5.79081	-5.67116
-8.54851	-0.849895
-4.69931	-3.13426
-8.9841	-4.99684
-10.4479	-7.58327
-8.6247	-15.1703
-8.12527	-12.9435
-5.61284	-11.1172
-1.58273	-18.6844
-4.07138	-16.8459
-7.16562	-12.9734
-4.30012	-16.1847
-4.3633	-19.7156
-5.24349	-22.0381
-5.60004	-25.5344
-7.73417	-27.1449
-8.41561	-28.5243
-10.3752	-26.9263
-8.85236	-26.6376
-4.0646	-14.416
-3.47609	-14.8332
-3.9232	-16.8408
-2.45535	-17.4999
-1.73515	-17.1176
0.446099	-15.8458
2.86345	-14.0971
2.23127	-14.7932
2.5874	-15.7363
1.31246	-8.17443
1.1457	-24.6932
-1.8789	-19.2839
-4.06907	-19.6271
-4.44202	-17.0525
-3.50739	-15.367
-4.28635	-15.6678
-5.85318	-15.2013
-8.43398	-13.6046
-8.7121	-12.7648
-6.88421	-10.8447
-6.34376	-11.0464
-5.31663	-13.0518
-3.15918	-16.2135
-2.80577	-14.3503
-2.41234	-9.97161
-0.648826	-8.37121
0.233179	-11.9092
0.436213	-5.20246
-10.3538	-3.76164
-19.7337	-5.1117
-12.2311	-6.49075
-6.15931	-9.16371
0.160475	-1.75231
-3.59732	-1.15834
-5.56452	-11.7779
-5.3665	-15.895
-1.52307	-11.3792
-0.807068	-13.1772
-2.83343	-14.4634
-5.21583	-15.1502
-5.69208	-15.9336
-7.318	-13.2294
-8.24296	-9.81525
-7.03828	-9.22902
-4.50857	-10.6153
-0.207446	-16.0032
3.62666	-20.3666
3.52791	-19.214
6.15055	-21.0799
8.54263	-21.2031
9.59207	-21.1552
4.29067	-16.0046
-4.7314	-8.0584
-0.247697	-12.0383
-1.69805	-10.2419
-1.00553	-10.3679
-0.854804	-10.6826
-1.80937	-10.7536
-1.63175	-10.3937
-2.33802	-11.2813
3.27984	-3.71175
-6.24338	-0.862298
-11.5779	-4.34344
-12.0325	-1.66258
-7.41085	-3.85865
-7.66965	-5.28306
-6.88361	-9.05415
-6.19252	-8.58775
-7.67346	-17.1995
-4.21898	-14.1826
4.72854	-11.2659
-0.168457	-20.2007
-1.31123	-19.0215
0.885593	-20.8657
-0.625018	-19.4112
-0.994014	-17.9743
-3.10966	-15.7445
-4.19423	-14.6882
-5.5083	-14.4861
-6.36862	-12.9732
-5.67036	-13.0396
-4.18648	-14.0577
-4.0169	-13.3242
-5.68161	-10.7559
-7.02402	-8.87967
-9.87456	-4.72524
-10.8703	-5.91576
-8.52675	-10.7878
0.111286	-21.5163
4.27452	-18.6415
2.14149	-17.8694
-4.62284	-13.4681
-7.20785	-9.49762
-3.90703	-9.16256
-6.89472	-7.6556
-8.46525	-10.1347
-4.82754	-13.3609
-3.41764	-14.5896
-6.11046	-12.9274
-3.75179	-11.4892
-3.41046	-12.9609
-2.38689	-15.2611
4.70232	-17.2932
3.92023	-16.7072
-0.715178	-16.7743
2.62185	-15.6721
7.96524	-12.8302
2.18669	-16.079
4.75129	-19.805
0.0645631	-17.0555
-0.139838	-21.0684
-2.33752	-18.578
-3.22961	-21.8021
-5.45184	-19.989
-5.12584	-21.9386
-3.63539	-22.4929
-4.75797	-22.6996
-5.84226	-20.8865
-2.75984	-22.1929
-2.30702	-24.3426
-1.49975	-23.1845
-1.02269	-20.9539
0.533905	-20.2811
0.133277	-22.203
1.36916	-15.3661
3.18013	-14.7274
5.34805	-14.5778
7.50596	-13.2397
12.5129	-7.28973
7.01631	-11.0088
7.33017	-2.96955
3.15242	-5.15763
1.78703	-4.2065
1.14251	-6.18393
1.82363	-4.81025
0.52756	-5.47071
0.337686	-9.40836
-1.66407	-6.41216
2.3266	-6.77619
0.673494	-7.61091
3.05506	-0.922549
-0.288994	-5.93812
-0.91979	-2.38121
1.31238	-5.42583
1.89537	-2.7373
1.49453	-2.3716
2.08783	-5.48614
0.797221	-4.07867
3.63076	2.45522
1.49867	-5.27765
0.535392	-2.20484
0.645122	-7.60515
3.11699	-5.0252
-3.24432	-23.396
-4.88201	-28.9875
0.0976006	-20.7583
6.45651	-17.4877
0.71057	-18.8998
-4.53419	-22.8069
-2.96751	-26.2629
-3.67627	-27.8113
-2.16052	-24.4148
-2.883	-11.2404
1.6136	-6.55471
-2.55159	-2.50698
-9.44271	-3.77765
-10.2121	-6.62786
-7.99828	-4.82578
-9.6021	-3.23023
-5.92518	-10.2935
0.900921	-8.4179
-2.30068	-11.3066
-3.81823	-14.3163
-4.84168	-14.9607
-3.43697	-15.2371
-3.10191	-15.0247
0.610187	-19.3561
1.69877	-21.7632
1.76173	-23.4382
2.28446	-20.5071
-1.98516	-15.4045
-2.06711	-13.9763
-1.69795	-14.7201
-2.75851	-13.3833
-1.18404	-13.2577
-3.8751	-12.0267
-3.41959	-11.2423
-0.663758	-15.3037
-1.79609	-13.0357
0.479036	-17.4313
1.86328	-24.5217
6.05852	-26.8567
7.95991	-28.0446
6.81359	-29.4656
3.63578	-25.6114
-0.424227	-22.7636
-3.49653	-19.0618
-5.94934	-17.7043
-8.08854	-15.0152
-10.0214	-12.918
-10.4481	-11.2256
-11.3277	-9.66354
-9.40572	-8.24285
-7.60443	-5.01707
-4.5289	-6.74752
0.595131	-12.562
0.726835	-12.4342
1.00035	-3.93761
-2.16713	-8.71654
-2.76453	-15.7227
-4.52977	-12.8642
-7.06455	-13.1036
-5.51715	-14.9362
-4.96585	-17.1428
-4.37047	-18.9799
-4.39116	-20.7873
-2.71605	-23.3922
-1.30952	-24.4843
1.0389	-21.7712
-0.802917	-21.9026
-1.89233	-21.8421
-3.96269	-19.8131
-2.60683	-22.9805
-1.69937	-20.7883
-1.8493	-13.9026
0.610306	-12.8886
7.27674	-9.63784
4.10963	-5.11098
-0.754227	-15.9519
1.30648	-11.9818
1.65975	-12.0695
4.19661	-24.6218
-1.28802	-26.4621
-4.88849	-23.4077
-1.87225	-21.6508
0.08604	-19.4484
2.15178	-15.8922
2.25922	-21.9104
4.14309	-20.8432
5.46571	-21.8005
6.49588	-21.0856
7.80954	-20.7788
7.78314	-20.5774
8.68676	-20.5871
7.82412	-18.3968
3.46855	-14.0486
0.147578	-13.5049
-0.424722	-12.8204
-0.189354	-17.7693
-0.870993	-18.2677
-1.67916	-20.4713
-4.1243	-21.9357
-4.19023	-24.2891
-5.22763	-25.2193
-6.05849	-26.7804
-3.00295	-27.2815
-3.13462	-25.7804
-3.14692	-24.8278
-4.16073	-23.8168
-4.57596	-24.4258
-5.85762	-26.4955
-5.23632	-25.688
-5.23206	-26.4211
-5.6723	-26.6248
-4.6389	-28.8483
-3.23066	-29.6585
-3.30144	-26.7565
-2.46665	-23.2925
-1.42349	-22.1196
-0.683405	-19.0216
-1.03133	-15.0407
4.21593	-14.4418
8.57616	-15.4166
6.01469	-9.94917
3.72778	-6.8129
4.70588	-9.76349
3.51331	-9.96588
8.37554	-14.1041
3.32505	-12.0188
8.36806	-12.483
6.25132	-8.36706
6.24252	-3.62333
5.8653	-11.7248
5.45735	-9.54117
1.94144	-8.4961
-1.31791	-7.52551
-0.775238	-5.33194
1.68116	-13.2659
2.77315	-8.83851
-7.90815	-7.48065
-10.6943	-7.60033
-7.16334	-10.9416
-5.53456	-12.6839
-7.10611	-11.786
-6.4267	-14.8206
-4.41576	-17.6689
-4.05105	-16.7933
-1.09801	-12.5568
-5.00113	-8.74276
-7.11163	-9.37331
-3.5247	-8.54843
-3.87235	-13.2078
-5.61197	-9.2013
-6.66458	-8.73464
-15.9315	-2.86452
-14.8254	4.01916
-14.5847	-3.45596
-9.6593	-7.9797
-4.5274	-6.75977
-6.71727	-11.1155
-4.9368	-12.2701
-4.34184	-9.5596
1.78206	-2.16305
2.9768	-1.51386
2.38086	-6.52167
0.344187	-1.07857
3.41916	5.93067
-3.58681	-8.6057
-12.1229	-11.43
-15.1624	-11.104
-13.5988	-11.8001
-11.7147	-11.1441
-11.5373	-7.84258
-6.00362	-13.148
-4.97312	-6.93354
-5.88368	-0.860842
-9.23085	-4.97552
-14.2768	-2.2998
-14.0061	-4.1246
-16.7974	-5.13369
-11.9519	-7.37171
-15.1714	-10.4881
-16.001	-10.4471
-7.41938	-13.6352
2.05063	-19.4485
0.757756	-25.3955
-2.17133	-25.9164
-2.37196	-26.02
-3.24686	-26.7428
-1.74841	-28.3508
1.5413	-29.3998
2.56066	-30.3395
5.16479	-28.195
7.22838	-21.8534
3.15521	-12.9918
4.60068	-8.95358
4.7792	-11.6492
1.28586	-6.42293
3.13219	-6.7504
4.56981	-12.536
6.31988	-10.5328
8.09464	-13.2357
2.48067	-12.7397
3.11836	-20.2835
7.09551	-25.1413
4.70048	-21.2886
4.22119	-19.2935
2.03176	-17.3946
0.691501	-16.5451
-0.091723	-16.2764
-2.76207	-15.5295
-6.6095	-9.95171
-3.34337	-6.63495
-7.80011	-5.6418
-6.39674	-9.82442
-8.06755	-5.1273
-3.40569	-3.01771
-2.23685	-7.45991
-1.12798	-8.81865
-5.23649	-12.3454
-6.79329	-12.0792
-6.1314	-7.14602
-0.41143	-5.76998
1.48716	-8.34297
4.27027	-6.71894
-1.43947	-1.18285
-7.74729	-7.79151
-8.47466	-7.22306
-10.8267	-3.22212
-5.68389	-4.26597
-12.8754	-0.334958
-13.1932	-1.65789
-13.1734	0.218841
-13.079	-3.74524
-13.3381	-1.62877
-17.1728	-3.9846
-15.0974	-4.23868
-15.8602	-2.10457
-16.954	-1.72953
-12.2667	-2.62359
-14.4732	-1.70841
-11.4091	-4.46795
-2.91883	-0.609069
-5.61248	-3.15209
0.144238	-0.580361
3.00663	-3.70426
2.36659	-4.28834
-0.469889	-5.22866
1.8979	-0.912861
3.13306	-11.7336
4.46339	-7.04534
0.340301	-9.58894
-0.841045	-0.680645
1.25808	-2.25717
1.81714	-4.53575
1.33448	-4.57424
4.831	-1.37256
1.63877	-3.09497
0.374543	-1.84093
1.54051	-3.37906
3.785	-3.05057
2.07533	-2.88971
4.16545	-4.95686
6.26	1.39998
-0.951185	-3.92936
2.67406	-2.11488
-2.14886	-3.62598
1.12487	-6.80879
3.82097	-5.4702
-3.85304	-13.9789
4.6672	-4.6327
-0.401241	-4.83963
-12.6451	-14.1469
-4.25931	-11.6815
-10.6648	-19.3926
-10.2416	-21.942
-5.7945	-18.0979
-3.83121	-15.0159
3.58376	-7.40123
-14.177	-15.9796
-13.3621	-18.8283
-11.0646	-23.0688
-13.3026	-18.6317
-8.40109	-23.6402
-9.73754	-20.9631
-8.99068	-20.6041
-5.65919	-20.1814
-2.74945	-20.5074
-6.22331	-10.6123
6.37245	-12.052
4.40899	-6.41644
3.87037	-7.99024
3.4138	-13.2326
4.8501	-9.88868
0.692273	-7.13287
-9.32145	-15.1698
-9.50466	-12.9249
-6.43698	-15.6706
-4.86716	-27.5973
-4.93649	-28.9879
-6.04747	-28.1004
-5.8362	-30.4499
-5.10999	-28.8877
-2.40756	-29.4119
-2.41375	-29.2489
-2.22494	-30.601
-4.3119	-30.9441
-5.38541	-29.7465
-9.19218	-26.9222
-14.1359	-21.9856
-14.69	-15.3387
-6.09555	-17.0268
-0.797016	-18.5709
-2.45591	-19.7859
-4.58108	-20.8166
-3.02301	-20.9308
-5.62758	-19.9206
-5.52931	-20.0288
-7.89297	-28.7853
-5.6023	-29.6245
-3.78013	-27.4248
0.646608	-25.1826
1.89788	-20.1473
-0.180792	-22.2076
-3.76817	-20.823
-5.41197	-20.7568
-6.66054	-17.7821
-9.58193	-15.4505
-8.9214	-19.079
-4.45403	-25.0952
-0.813456	-17.9381
-1.95302	-6.83337
-1.29432	-8.69102
-3.75217	-13.0827
-8.88398	-10.5286
-5.83279	-5.45334
-8.53016	-13.5577
-7.40522	-18.7451
-3.70198	-16.0991
2.55244	-10.6161
-2.22516	-15.118
-7.45614	-13.6289
-9.21484	-11.1292
-5.7683	-14.4935
-4.74575	-16.7499
-3.26016	-16.8511
-3.24672	-13.7748
1.66674	-8.38447
0.403624	-11.8507
4.23661	-17.8869
2.92323	-18.4583
2.53942	-21.2138
5.41333	-23.3775
6.85107	-24.9251
6.78721	-22.745
6.63547	-22.4708
10.4746	-22.8462
11.4243	-22.7696
9.80965	-22.4697
4.32915	-17.3767
0.707173	-22.1513
0.940709	-26.6773
0.0436563	-28.2382
-1.93481	-27.0317
-2.28531	-25.0596
1.83724	-19.8595
0.947518	-18.1975
2.39239	-19.808
0.101765	-14.3739
0.136874	-11.9138
-1.85674	-12.1226
-0.925448	-8.03033
-5.89131	-6.91168
-4.3838	-3.97549
-4.29001	1.3433
-2.9332	-4.10533
0.594031	1.87079
1.17831	-3.10928
6.62569	-2.84165
-0.256489	-16.9186
-3.51605	-10.2449
-7.56427	-10.6237
-9.02345	-11.201
-8.03963	-13.161
-8.12181	-13.6497
-6.74894	-16.2036
-8.52572	-16.7349
-8.97759	-17.1433
-8.25977	-16.7065
-7.64341	-16.9634
-6.8602	-17.8384
-5.73522	-17.4667
-5.9365	-17.1814
-5.19329	-17.5353
-2.41069	-19.0939
-1.28656	-17.69
-6.25198	-10.1656
-10.4733	-8.37181
-9.92675	-7.05783
-5.08545	3.81989
-8.33412	3.85192
-13.9378	-1.50447
-14.2291	0.1035
-6.38354	-4.2054
-3.55931	-1.64664
-2.12647	-9.51613
-2.65402	-6.90697
-3.60219	-0.329971
2.51702	-0.00328057
-5.97565	-7.33756
-8.26245	-2.44124
-3.63568	-5.49037
-5.14076	-7.674
-2.31032	-11.4731
7.63676	-14.2146
8.92029	-14.9713
8.30047	-15.2176
8.78647	-13.3079
10.3505	-12.8099
8.55684	-12.6022
4.57834	-10.5025
2.82419	-9.61588
4.1669	-9.412
5.85414	-12.1315
8.01746	-0.215345
2.94431	-5.94232
-2.94093	-9.66974
-5.58464	-12.9115
-9.87226	-17.4205
-6.04121	-14.0395
3.34306	-18.8373
-3.41147	-19.1179
-1.18875	-14.5587
-2.91301	-15.7568
-4.23786	-18.4063
-4.48542	-18.7604
-2.01686	-20.8943
-0.712231	-21.1758
0.04404	-21.4536
0.389724	-23.1303
-0.53796	-21.7227
0.301059	-21.1372
0.856337	-22.5399
0.357697	-20.8959
2.31649	-18.9831
6.06478	-12.2918
3.78456	-13.0881
2.30465	-11.0369
5.03551	-13.6579
3.15225	-12.2035
5.62939	-12.3267
4.82935	-15.2536
0.964619	-12.6255
-4.75599	-16.0009
-9.39907	-12.4648
-10.8525	-11.1634
-7.5879	-14.6959
-6.97635	-9.49004
-9.50891	-12.586
-7.46119	-15.1404
-3.49268	-12.3188
-2.88851	-12.6689
-3.87663	-7.78852
-6.51239	-9.72474
-10.2126	-14.1825
-10.5847	-12.8766
-15.1372	-10.1859
-12.0982	-7.52761
-6.964	-9.58128
-8.54465	-13.36
-5.73947	-11.3582
-1.68624	-7.10935
-7.92947	-16.3075
-9.04917	-16.1763
-12.5043	-9.48549
-8.79803	-10.382
-2.70181	-8.19797
-4.32388	-5.81605
0.903924	-4.34945
-2.84039	-8.5577
0.76736	-7.89193
-7.24663	-8.48782
-1.26413	-9.85281
-3.15933	-9.33353
3.17586	-5.11111
1.83449	-7.02288
0.405908	-6.78969
0.717193	-7.78424
0.336721	-13.6708
2.99519	-4.61939
1.75664	-6.01251
-1.61964	-4.47962
1.26706	-5.7351
-2.76254	-5.59546
0.149073	-5.98126
1.71461	-4.26446
-1.26838	-2.89671
2.92764	-4.23341
3.90714	-2.36137
4.97235	0.4783
1.06759	-0.614073
-4.71768	-4.55129
-4.89988	-7.58324
-9.07337	-8.98815
-4.02946	-1.68701
-7.9645	-2.29194
-12.1366	-7.6729
-10.6468	-11.6529
-3.58747	-11.6877
1.43065	-22.0282
2.32753	-25.5839
3.20001	-29.0293
2.36575	-28.2277
3.05406	-27.7525
3.94141	-26.46
3.34564	-23.8136
0.477363	-15.2469
-1.88887	-11.8618
-2.94635	-6.33725
-3.94355	-2.56877
-9.42843	-8.51664
-9.07315	-8.60017
-10.3442	-14.1008
-12.759	-9.45755
-4.21088	-8.5093
-3.37418	-15.1394
-7.65657	-11.3113
3.44826	-13.3566
-1.99787	-19.8761
-1.61967	-18.3227
-1.34747	-15.3366
-1.18226	-13.9817
-3.0265	-10.9089
-2.86572	-10.8292
-2.89896	-9.43713
-2.55238	-8.51761
-0.971635	-10.0933
-0.362443	-11.3208
0.18746	-12.8025
0.598159	-15.0769
1.49995	-16.0445
0.605082	-18.7496
0.0143321	-21.0378
-0.98434	-21.9442
-0.781618	-21.6164
1.42781	-21.1146
1.33871	-18.3425
-0.674363	-18.2505
-3.44726	-18.1286
-0.723548	-18.2822
-2.19799	-20.6906
-3.18653	-18.1514
-4.16144	-12.6663
-3.09535	-16.4995
0.733491	-22.4966
4.19968	-15.0687
-12.1975	-6.10552
-9.65585	-1.98998
-8.60364	-0.98258
-11.7897	-1.83117
-16.8962	-4.56363
-13.8728	1.20448
-15.475	-8.94273
-12.0585	-9.13779
-5.11014	-0.615575
-3.2018	-10.1835
-3.84031	-24.8356
-3.58368	-16.4968
1.35885	-5.42825
-2.76893	-6.82863
0.974672	-4.52298
1.49594	-5.73835
6.07951	-10.9911
2.53928	-4.53157
2.13907	-3.70311
-3.00602	-8.15955
5.1626	-9.25201
4.78926	-10.6522
-8.29048	-13.6494
-8.82497	-18.0673
-7.6853	-21.2615
-8.1535	-19.8858
-6.92582	-20.0461
-2.21502	-17.8393
4.77895	-16.5001
3.87883	-15.6058
4.94539	-14.0627
4.75103	-12.8367
4.67842	-14.1791
4.69986	-13.4086
7.62963	-12.1839
8.15449	-13.1196
8.7707	-14.0472
10.4209	-16.6096
7.90065	-14.9291
10.1638	-16.5923
11.6087	-18.724
9.12288	-17.5404
2.42709	-13.8536
-0.542563	-17.5819
-1.10104	-20.4116
-1.55084	-21.5348
-2.74499	-22.3165
-2.6015	-23.1104
-3.19821	-23.6792
-3.37909	-24.4398
-3.05458	-25.1256
-3.35866	-25.028
-3.32722	-25.1594
-2.79742	-25.6255
-1.85427	-25.057
0.244147	-25.3121
-1.67808	-20.7345
-5.01747	-18.0659
-3.90713	-22.1819
-2.3058	-16.5874
-0.202722	-6.18145
-6.34119	-7.06114
-9.9095	-10.3407
-2.93724	-8.64416
-9.02749	-5.00569
-3.13396	-5.12604
-7.81134	-5.45581
-10.8829	-7.60996
-9.51598	-5.07661
-6.78726	-7.28013
-9.37752	-10.0004
-11.8523	-13.9793
0.00483612	-11.4442
3.14251	-13.7483
-2.26481	-12.3098
-0.843814	-10.4952
-1.0706	-8.51978
-2.50048	-7.92557
-1.77306	-6.3241
-1.08488	-4.09113
2.06567	-3.19345
1.37361	-18.7494
4.32432	-26.408
6.46991	-8.3103
7.44623	-10.0516
-0.352243	-18.3681
1.70351	-22.7806
0.215886	-14.8038
-6.33497	-8.14116
-9.41637	-7.42616
-9.24499	-12.1233
-6.57914	-14.371
-6.35697	-12.9314
-9.54372	-9.07206
-11.2518	-6.1943
-14.5525	-5.55115
-12.3612	-3.63095
-10.5456	-5.67421
-4.65906	-11.1247
-1.71039	-18.8945
-0.613094	-24.9319
-1.69723	-26.0727
-1.61076	-26.9954
1.18078	-24.5343
4.9912	-17.2865
4.15042	-14.8024
3.47758	-12.7048
2.57736	-7.88134
4.60211	-12.8531
6.31368	-9.09798
5.96903	-11.4137
4.19572	-7.25933
5.55734	-9.7542
2.34652	-7.29568
2.81108	-8.73536
-1.82005	-12.1354
-3.92853	-14.4999
0.288979	-21.2563
-0.5846	-25.8236
-1.29032	-28.0177
-2.41127	-26.6279
-4.34826	-25.6436
-3.9838	-25.2708
-2.88422	-24.883
-2.93461	-24.0156
-4.21067	-22.3136
-4.17118	-22.6533
-4.69646	-21.9468
-3.8075	-23.5281
-4.20175	-23.3223
-4.98264	-24.9087
-4.99986	-26.9575
-4.36408	-26.1986
-4.40672	-24.0586
-4.89681	-21.6813
-4.06889	-17.4485
-3.71743	-15.5537
-1.33675	-15.9944
-5.43618	-11.8762
-2.98543	-10.8072
-1.61123	-11.6686
2.15392	-8.68132
0.201479	-9.19391
2.06339	-8.44135
4.39923	-4.70998
-4.17104	-8.55011
-5.81222	-7.77104
-5.74612	-14.7985
-2.9036	-8.32028
-1.62005	-4.79908
-3.48815	-8.84628
-6.21834	-4.93398
-3.96011	-7.60583
-5.92622	-7.28944
-8.60331	-8.06695
-9.6844	-13.5715
-11.4464	-16.1913
-5.00429	-3.80279
-4.32033	-4.51058
-5.62631	-1.16728
-3.16309	3.8522
-4.73305	2.51771
-3.24116	-4.06417
-0.721699	-3.22201
-0.824673	-3.3815
1.90798	-3.49494
-0.393034	-3.74278
-1.85229	-6.43447
-0.521136	-5.57957
0.576685	-6.3841
0.547339	-9.43789
6.02478	-9.10502
2.63424	-11.5729
-0.483787	-9.71205
-1.5311	-15.9579
-1.93195	-11.1512
-1.43814	-17.7561
-5.46446	-21.222
-0.699177	-18.3893
2.68488	-21.6808
0.172181	-26.0251
-0.250839	-28.1473
-2.37692	-26.9368
-1.77458	-27.8903
-2.15733	-27.4425
-3.11305	-28.1625
-4.36365	-29.5926
-6.78668	-29.061
-8.16025	-27.5194
-8.35081	-26.8163
-7.53218	-27.5688
-6.7405	-27.5701
-4.84155	-27.5638
-3.03682	-27.4685
-1.69481	-27.3818
-2.09878	-24.9679
-1.56225	-22.6596
-0.431761	-23.7877
-2.91153	-20.9785
-2.01423	-21.6995
-3.0966	-21.8188
-3.71448	-21.5105
-3.96578	-24.9559
-2.21086	-20.9791
-1.0873	-24.0277
0.77747	-24.3876
0.432414	-22.1674
0.349093	-17.1508
0.380829	-14.2308
-0.275902	-15.286
-1.13509	-16.4002
-1.5489	-15.455
-1.85095	-14.7799
-1.9466	-13.7462
-1.92211	-13.4642
-0.278071	-13.6742
1.0547	-14.6839
5.63368	-19.1617
1.86209	-21.6089
-0.519359	-15.7914
-1.16227	-16.987
-3.29703	-15.7712
-3.32305	-12.6306
2.11985	-13.3782
-1.26289	-5.14454
-8.17939	-6.01068
-4.65077	1.55295
-7.95058	-5.26866
-8.70353	-10.6089
-9.3239	-8.9243
-9.69448	-6.86921
-11.0391	-8.57618
0.689369	-10.2006
2.19139	-8.09343
-2.45329	-12.8871
-5.76068	-11.6696
-6.96314	-9.20733
-6.43029	-10.6662
-6.9095	-10.8454
-7.06558	-9.64602
-8.47769	-9.72872
-8.60865	-9.69652
-10.1299	-9.77141
-11.372	-9.81891
-9.76328	-10.0245
-4.16639	-5.11481
1.49407	-3.38917
-0.745724	-2.96473
-5.30608	-3.38045
-7.96845	-12.4644
-6.2523	-7.36179
-2.22815	-7.20676
-11.1249	-9.43502
-12.9926	-7.45066
-11.1333	-11.2686
-10.2366	-12.5302
-10.7587	-12.3623
-9.81519	-14.3038
-8.31498	-15.3424
-4.56986	-14.7138
1.14191	-10.289
-0.372464	-10.0204
-1.17302	-8.0062
0.677885	-10.2013
-5.7274	-4.32954
-1.16901	0.27222
-4.9214	7.39873
-7.619	3.9782
-7.82	3.84089
-7.85907	-4.41942
-3.29046	-6.96004
-1.55403	-11.466
-2.42519	-13.2547
-4.36459	-13.1547
-5.89066	-13.7505
-2.93085	-18.6004
2.30191	-21.8711
4.2262	-17.6114
0.727233	-19.2196
-0.884343	-18.6854
-3.62765	-14.9067
-6.92021	-9.59875
-8.00106	-5.83809
-5.01618	-7.52147
-6.30055	-6.14564
-5.38972	-7.77586
-4.12309	-9.33538
3.19864	-21.0107
3.53264	-21.9856
2.2151	-21.5399
3.40263	-20.8819
-1.03017	-18.7423
0.173685	-13.3053
2.80809	-11.9991
4.32981	-7.71573
-6.11565	-5.2674
-10.0234	-15.7237
-7.84168	-13.5919
-2.31404	-5.7785
-7.81197	-8.43466
-9.43631	-11.0592
-10.6064	-10.7259
-10.8924	-10.8415
-11.1997	-10.4531
-10.7932	-8.3837
-6.03738	-2.84198
5.48569	-8.25136
4.27422	-5.37967
2.044	-8.02527
-4.11156	-18.1232
-6.10594	-11.1242
-6.61189	-14.2228
-3.49932	-13.3238
-0.803413	0.642266
-10.2507	-10.7074
-10.7465	-7.79087
-9.55234	-7.82692
-10.5035	-7.1046
-9.94204	-9.40306
-6.95404	-13.0392
-5.97087	-13.7132
-5.72129	-13.8724
-4.62097	-14.0964
-1.59132	-14.0479
-1.80378	-14.2936
1.94063	-14.7072
2.66768	-12.5672
2.15494	-11.9163
4.15531	-11.3868
3.09295	-9.71224
4.15873	-5.34561
-2.91563	-11.5974
-10.2063	-22.6249
-1.36033	-23.1906
0.374586	-23.9379
0.352457	-21.0011
-3.02097	-22.4972
-2.29676	-24.8325
-1.27759	-24.3659
-1.23617	-26.1762
-3.7563	-21.152
-2.72983	-21.6658
-3.53338	-23.5091
-2.57896	-26.1234
-2.66574	-27.1318
-3.41075	-27.2162
-5.48941	-24.8365
-3.86452	-25.2595
-4.53947	-26.5044
-3.53777	-20.734
-5.38324	-12.6698
-2.6778	-10.7053
-2.1431	-5.06146
-0.12325	-3.72121
-0.67665	-1.06839
-1.04688	1.68699
-2.05368	6.90585
3.24102	7.22135
0.0370311	2.14071
-1.32632	2.86212
-5.91979	1.70766
-2.54521	-0.392235
-4.13985	-3.30398
-0.0823575	-2.37553
0.575089	-1.87422
2.47509	-9.5781
0.406553	-3.48721
3.9584	-0.892051
-0.40887	-3.54868
-2.11583	-7.251
-2.50486	-7.95765
2.4918	-3.27175
1.15651	-5.07421
-1.02934	-6.63299
-0.940113	-7.52658
2.63043	-10.5271
2.27445	-6.05983
-1.8968	-6.38992
-0.203564	-4.35237
2.49308	-6.5901
-6.05955	-3.38566
-1.89252	-4.15362
-1.14752	-3.27198
2.10712	-4.18345
-0.300166	-8.33394
2.51544	-6.11475
0.0798627	-4.69423
-3.3375	-7.02666
-7.48698	-12.1252
-4.88809	-14.7191
-2.80575	-17.213
-0.983989	-18.2032
-7.18013	-15.083
-8.72974	-14.3662
-5.91008	-15.7339
-8.25315	-14.1702
-9.20008	-11.6522
-9.67627	-11.2099
-8.44569	-12.8642
-8.44636	-12.3277
-5.70321	-11.3089
-6.3355	-11.637
-3.86578	-1.47279
-14.7752	-2.79608
-9.95343	-0.484572
-11.3687	-7.27038
-12.2219	-7.14801
-10.0971	-10.5337
-7.87097	-8.8919
-7.76681	-9.11042
-8.24931	-11.1022
-9.90739	-11.5358
-10.7632	-12.9681
-7.96443	-15.2755
-5.29203	-17.327
-3.04394	-15.7115
-4.17765	-9.70564
-5.03523	-9.47604
-6.88388	-10.2326
-8.5972	-9.37871
-9.44383	-9.4539
-9.27861	-8.08821
1.50844	-8.51081
-0.85974	-12.5401
-2.4556	-10.7913
-1.206	-14.8423
-3.07461	-12.9337
0.866223	-10.4261
0.913829	-13.8563
-3.12764	-8.67974
-5.48362	-10.3321
-5.28408	-10.8616
-4.63971	-11.0781
-2.57153	-12.5172
-2.46704	-12.0924
-0.706411	-13.2327
-2.10645	-12.1289
-3.53914	-10.3288
-6.87183	-7.80883
-4.27749	-8.64968
-4.44607	-8.13128
-4.92333	-8.63231
-4.54952	-9.49048
-0.470854	-15.7707
-3.19948	-13.4859
-3.64519	-13.824
-3.33779	-13.5949
-2.90648	-12.583
-5.07883	-8.46051
-5.06296	-5.33454
-0.346237	-4.96658
-5.38049	1.27459
-4.71563	-2.10311
-5.31557	-2.98724
-4.90524	-5.09139
-3.62794	-8.68593
2.45146	-0.976887
-4.63942	-10.8957
-7.75145	-6.24028
-10.545	-9.33154
-10.0101	-10.966
-5.75119	-13.0038
-2.372	-10.234
-6.07065	-4.71379
-5.82852	-2.55078
-7.78667	-5.58483
-7.49092	-1.26257
2.38559	-3.79795
3.48073	-6.49936
2.58419	-12.8035
2.47445	-9.56481
-0.403697	-5.42654
0.952745	-12.2839
-2.30303	-12.217
-10.5186	-13.889
-0.0957429	-19.639
-2.89929	-19.3889
0.147284	-23.9759
-1.65086	-24.3343
-0.86719	-26.6612
-1.04867	-27.1169
-0.0563679	-27.962
0.177364	-28.9515
-0.564478	-27.1538
1.99388	-24.3447
1.39369	-18.2258
7.78721	-9.54565
5.8396	-16.2688
-0.807967	-17.8456
-4.83341	-15.598
-3.88995	-10.8152
-6.68449	-7.21793
-5.02729	-6.35036
-4.0372	-9.52699
-5.5241	-9.95076
-1.00723	-19.0115
-6.12113	-16.2888
-7.01324	-15.9623
-8.59141	-14.7043
-6.86386	-15.1728
-7.1635	-15.0811
-8.38383	-12.8135
-8.55009	-12.5705
-8.93681	-10.8635
-9.52283	-9.93931
-0.150717	-5.19948
6.34898	-5.68308
-0.747235	-10.427
-2.8211	-9.7481
-3.6886	-9.02363
-6.0483	-8.06195
-7.72872	-15.0738
-6.39447	-14.3804
-1.5795	-11.4145
-5.35966	-12.4302
4.55578	-23.4111
11.1114	-22.3656
3.66983	-20.6248
8.42817	-22.5603
1.69166	-23.9423
-0.371265	-23.0633
-2.87287	-20.8593
-0.175792	-23.7967
0.234125	-24.9197
1.4845	-24.5558
3.2329	-24.6696
3.35205	-24.6418
4.42272	-24.7303
3.75553	-21.4533
5.53013	-18.6358
7.75524	-15.4955
7.984	-16.5025
4.89833	-14.992
5.06118	-14.0758
4.59242	-13.5231
4.20826	-12.9087
4.41097	-15.9449
0.272686	-19.6242
-5.96075	-20.0284
-7.63371	-18.6554
-9.00432	-17.0788
-12.8502	-12.9623
-7.59166	-16.9461
-7.41261	-19.6547
-5.02725	-19.2313
-4.63441	-17.8854
-1.51154	-15.7293
3.74597	-10.0261
-2.54751	-5.1402
-3.08611	-1.97938
-11.021	-4.60613
-10.8858	-5.80116
-10.418	-1.54196
-15.3942	-3.542
-17.5566	-4.2053
-9.85098	-4.56503
-11.486	0.359643
-12.3572	-1.30451
-14.2479	-3.52711
-10.2172	-6.442
-8.02172	-8.32662
-7.94339	-11.1363
-11.5747	-4.38165
-10.0766	-3.14254
-9.6588	-7.97018
-7.56029	-4.10158
-7.23563	-6.31253
-5.47601	-3.05959
-3.60841	-2.30549
-0.307684	-5.22654
2.16647	-3.32707
-5.39498	-7.68107
-1.62887	-7.60809
-0.564457	-8.48911
3.55048	-0.231378
-4.27355	-12.8293
-1.49579	-14.6379
1.5441	-14.7174
5.32881	-13.5437
5.51556	-17.136
6.97986	-19.1403
6.91301	-19.1573
4.17283	-17.6958
1.31389	-15.6712
-1.35704	-10.851
-1.17979	-11.9745
-0.00255676	-2.65187
-0.363828	-5.48708
-6.39507	-11.418
-11.5268	-7.01283
-13.4211	-4.66089
-9.27549	-8.37944
-6.10083	-11.395
-5.98632	-12.2837
-8.67026	-11.1504
-4.70507	-15.6736
-5.29135	-15.6149
-5.1873	-13.3375
-2.34698	-13.146
1.35537	-14.8512
6.97979	-18.3259
7.77498	-18.1429
6.81665	-18.2359
7.29473	-16.8405
1.25498	-15.447
-2.98869	-15.2349
-8.05838	-9.47841
-7.71761	-10.1367
-10.1464	-9.77846
-11.5476	-10.2724
-13.2906	-9.3639
-15.3602	-10.3871
-17.4631	-10.1798
-18.6582	-10.5768
-19.4242	-10.4242
-19.5848	-9.44482
-19.3121	-9.40938
-19.4353	-7.72513
-18.2358	-8.67065
-15.5262	-8.13746
-14.6292	-5.9171
-12.4351	-6.36589
-13.232	-5.67774
-12.8365	-8.33584
-13.0136	-8.2213
-13.6606	-7.82305
-13.6459	-6.00667
-11.5849	-5.35382
-10.9246	-5.33166
-9.38078	-5.45737
-8.47413	-5.8116
-7.98838	-5.76122
-2.41125	-11.4624
3.51591	-13.3704
5.85418	-17.3893
7.15452	-16.4046
6.06985	-20.5307
5.17227	-20.1692
4.47637	-19.4261
2.98426	-19.7506
2.61261	-20.1223
1.42912	-18.3909
1.6206	-14.6157
4.56973	-8.12138
1.787	-8.05721
-4.23849	-10.1717
-2.11287	-15.6595
-7.53491	-13.1933
-10.1402	-6.49473
-8.03897	-9.96177
-11.8388	-13.169
-9.66817	-9.51693
-6.87025	-15.9444
-5.84639	-15.7203
-7.17834	-13.5074
-4.92469	-13.0377
-2.85052	-13.0613
-4.04799	-11.5026
-1.28067	-11.4981
5.98174	-20.0462
6.68128	-17.9053
8.52884	-18.3893
8.84006	-17.2852
6.09503	-14.946
-3.97538	-7.21062
0.400782	-10.5113
2.12288	-15.0599
-0.397662	-16.614
-0.771224	-18.1697
0.919119	-21.0364
0.440211	-20.1246
-0.462224	-17.2463
0.725253	-9.56135
3.66695	-7.16527
3.3357	-5.95909
0.10841	-16.9633
-2.65702	-23.2003
1.53821	-12.2696
1.90632	-26.0348
-0.725614	-28.9595
-0.976269	-25.0329
4.42804	-29.215
7.67576	-25.6616
6.32287	-17.8303
4.14682	-13.5298
6.73833	-8.4573
7.5156	-10.711
3.53805	-7.1517
2.30626	-6.50177
0.438601	-7.36626
2.25133	-11.8174
4.47032	-10.1448
1.00404	-5.13771
3.93942	-4.11513
-3.73455	-0.164891
-8.68821	0.140774
-4.65966	-3.09706
-2.51454	-8.17422
5.47196	-12.0941
3.28022	-25.3884
3.70815	-28.5619
1.52277	-25.442
-0.865778	-20.6646
-6.90958	-17.2798
-9.79622	-15.0018
-7.61834	-13.4536
-12.7154	-8.77831
-6.68325	-10.7576
-12.069	-11.0987
-11.4965	-11.3276
-13.3253	-6.58384
-9.50282	-9.53013
-6.9618	-8.79622
-3.08698	-7.1841
0.673228	-4.98484
0.652389	-6.70139
-4.70761	-11.2759
-3.61446	-8.8842
-2.28823	-13.8186
0.328076	-5.95657
1.20523	-6.54737
1.99063	-2.48535
-0.364816	-5.82616
-0.806489	-1.08932
-10.8868	-5.06698
-8.52022	-3.00061
-7.71444	-1.58595
-4.97753	0.350292
-6.59645	-9.0857
-0.980666	-10.3029
1.29896	-8.00243
0.502166	-4.77624
1.19889	-6.09625
0.628043	-5.35787
-0.972798	-2.14099
-4.55562	-7.46752
3.28433	-6.04442
2.48753	-6.64152
0.356252	-4.21923
-1.47007	-6.39194
1.62493	-7.30347
1.05464	-5.6539
1.75789	1.45336
2.54063	-6.16666
3.35718	-7.87913
-0.842833	-5.69455
0.418066	-2.9452
-1.51667	-10.2969
2.29389	-5.00403
-0.918789	-22.0069
-0.0690621	-23.8717
1.05311	-24.6948
0.208089	-21.6331
-1.51948	-18.991
-3.56912	-16.7434
-6.82039	-13.5109
-8.6341	-12.1615
-10.8509	-10.8399
-14.0257	-10.1744
-15.6463	-9.60702
-15.9425	-9.62076
-13.3676	-10.4877
-14.5712	-6.33403
-12.169	-6.08445
-12.1868	-4.15995
-8.98819	-4.63505
-8.25318	-4.58035
-6.94048	-2.60053
-6.76726	-3.39108
-3.57641	-4.7292
-0.969795	-9.78745
1.31237	-14.5598
2.49015	-21.4276
1.42	-27.0978
-0.754736	-29.2393
-2.24313	-30.5814
-3.90231	-29.1694
-4.33677	-29.6442
-4.25674	-29.0443
-3.16784	-28.9406
-1.18301	-28.6572
1.02273	-27.9727
4.80097	-28.594
7.95696	-26.6816
7.93894	-20.3267
5.34366	-17.7558
1.31328	-14.7888
1.22988	-17.1724
2.48406	-19.1321
2.41807	-24.1811
-1.66781	-22.9009
0.937353	-21.8922
3.51091	-24.2866
2.96961	-22.5418
0.439795	-15.0742
-3.03085	-12.5059
-3.25221	-12.6313
-4.03323	-12.0858
-3.76434	-12.8633
-4.60223	-12.7947
-4.30373	-13.971
-5.06196	-13.4173
-4.9504	-15.4472
-5.65485	-16.3555
-6.28165	-15.6701
-7.23663	-13.9305
-9.11265	-12.6653
-7.12319	-13.1895
-3.40134	-14.0287
-4.28112	-1.41575
-8.53876	0.519284
-14.9806	-3.30196
-11.9092	-7.44375
-12.2085	-8.62061
-12.539	-5.78066
-11.7668	-6.68626
-7.47548	-12.5501
-9.15171	-13.4805
-4.47127	-7.93972
-4.43656	-9.40182
-2.45908	-11.8682
-0.0275317	-15.0517
2.1133	-18.3708
3.1131	-18.7597
2.07061	-17.5973
3.12925	-17.6602
3.77658	-16.453
5.05456	-14.7756
0.883994	-14.8642
4.71086	-7.61808
2.5614	-6.37045
1.25981	-8.08354
-2.73439	-6.61807
1.77388	-2.495
-7.29635	-10.7773
-15.3268	-4.15505
-14.505	-4.36952
-13.8207	-5.22624
-12.3958	-6.61189
-11.0156	-8.07016
-11.4279	-4.53128
-8.75495	-3.41069
-9.99943	-2.8268
-12.2345	-0.42019
-13.0658	-3.77907
-8.89292	-7.25802
-2.19108	-8.95548
3.23801	-5.82303
2.19022	-4.04053
-3.41427	-15.7726
-2.83648	-16.2979
-5.4611	-13.0138
-2.24892	-16.8748
-0.935041	-12.8957
4.28713	-10.7769
6.59424	-9.03274
4.41757	-7.37249
3.48181	-7.38657
-1.36952	-6.5422
-1.01659	-7.80531
0.437229	-6.4059
-6.72369	-12.2984
-6.38427	-18.4105
5.6217	-12.0743
-0.412499	-21.7218
-1.42713	-27.733
0.913374	-29.4474
-0.587786	-25.7084
1.96148	-23.5753
6.29349	-18.9447
6.26937	-20.6846
3.38239	-19.9397
2.26638	-21.8546
2.71377	-22.4997
3.1046	-20.296
1.27385	-16.386
0.629529	-14.9852
-4.21159	-10.0567
-6.90579	-10.3889
-6.69208	-8.14907
-2.91438	-9.56238
-7.62733	0.691548
1.88045	-5.88845
-3.29172	-6.09041
-1.91832	-4.81914
-2.18305	-4.06878
3.63254	-4.04013
-2.38401	-9.57459
-1.00798	-16.2783
-2.17138	-16.2953
-2.55316	-14.7174
-4.38607	-11.3938
-6.12812	-8.65146
-8.24217	-6.13835
-9.21523	-4.31589
-10.6573	-3.93043
-8.96936	-7.21213
-8.17823	-10.1296
-1.98498	-8.46716
0.26019	2.02788
-1.47199	1.72635
-9.21681	1.36734
-9.18415	4.1595
-6.1644	-4.09043
-13.8733	-9.89343
-5.08569	-3.49486
-4.08175	-13.2429
-4.74116	-13.6408
3.12304	-12.9048
7.91235	-11.0622
-4.21933	-10.9405
-3.90209	-14.3226
-5.0879	-15.064
-4.72311	-12.396
-5.28342	-9.64098
-2.23251	-8.9563
0.284647	-10.9575
5.85684	-13.0972
5.14766	-13.0228
5.32491	-14.9651
4.44994	-15.744
3.22539	-14.521
0.343893	-12.4384
-0.761708	-10.6794
-2.47432	-7.15291
-3.14197	-5.12647
-3.07169	-4.98694
-2.92027	-3.05781
-4.04878	-1.43891
-5.23589	-1.2691
-4.10946	-3.45339
-7.16658	-5.09635
-7.37783	-10.379
-6.20567	-12.9781
-9.09252	-15.4826
-5.71983	-19.3895
-5.49746	-21.9655
-7.3486	-12.4395
-8.22892	-8.47549
-2.50723	-12.2054
-1.91199	-12.3008
-3.20176	-14.0361
3.02244	-9.43385
3.43456	-5.59915
4.04189	-7.14801
4.69886	-7.26029
2.07229	-4.33956
6.47651	-2.60009
7.19436	-3.9517
-4.04836	-17.8938
-7.85756	-17.449
-8.30907	-23.7208
-10.9869	-19.3311
-8.43877	-18.6725
-6.41352	-17.1568
-3.37925	-14.493
6.55298	-15.0227
7.72215	-15.2269
6.98223	-15.5095
5.30374	-12.335
2.88084	-13.156
-2.38839	-12.139
-3.4994	-11.7377
-4.13791	-11.6703
-4.91821	-11.3033
-6.8	-10.5571
-7.89782	-10.2034
-1.86992	-16.0179
0.633173	-17.0932
0.624518	-12.006
1.08479	-5.26419
0.532122	-4.62802
4.55037	-1.89518
2.96557	-4.7315
-2.10555	-10.8416
1.46026	-19.1014
-1.53199	-21.1187
-10.4749	-8.92887
-12.8594	-4.33016
-11.355	-7.77378
-10.4953	-10.3774
-12.2133	-9.83587
-12.658	-8.99468
-11.7231	-11.5329
-7.49224	-13.7472
-8.91086	-9.43995
-6.7317	-2.06095
-7.81459	0.101687
-7.42067	2.10885
-5.61427	1.91248
-2.84351	-3.42351
-5.53134	-9.50865
-6.41948	-5.75752
-7.97004	-5.66523
-6.4246	-5.1436
0.900005	-2.76793
-0.279371	-5.18025
2.04225	-7.77605
2.82667	-5.64725
-4.27098	-10.512
-10.9061	-8.52872
-11.0052	-10.0496
-11.6049	-8.8468
-10.5477	-10.8845
-9.57789	-11.8041
-6.41548	-15.3356
-3.87173	-11.4332
-5.2113	-12.9944
-3.60452	-15.8511
-4.95297	-16.123
-2.722	-8.83781
1.38536	-6.6643
-0.0404468	-6.17729
2.74456	-10.4239
2.68028	-9.91719
1.57897	-3.46594
0.960051	-9.76783
3.57037	-7.49356
2.28453	-5.23497
-4.07106	-12.2883
-9.69398	-9.85473
-13.7017	-9.63489
-7.79145	-12.0132
-4.73516	-12.8797
-4.57377	-8.68384
3.05175	-3.78882
6.9154	-6.7695
5.17214	-6.42749
-0.91558	-9.8155
-5.44706	-14.2551
-5.1978	-14.1218
-1.26543	-14.8949
2.55563	-17.6268
2.64463	-28.2035
3.11563	-31.8651
1.78416	-30.8304
2.84814	-31.897
2.15481	-30.3657
3.52522	-29.8776
4.38125	-28.7577
6.23818	-27.3906
3.87937	-25.5785
1.65749	-21.4864
2.79515	-19.7645
1.99956	-17.6047
1.73806	-17.437
0.788396	-7.56817
-0.646657	-6.54076
-2.49791	-13.874
-5.69762	-8.7687
-8.41854	-3.34713
-4.68086	-6.5641
-2.01761	-16.1714
-7.30787	-17.3378
-9.03957	-19.1225
-9.80379	-18.2637
-9.9007	-14.9421
-6.94304	-13.5319
-5.95919	-14.2265
-4.34808	-16.2626
-6.95239	-14.0428
-8.3519	-13.202
-8.157	-13.485
-7.65333	-11.6585
-6.02668	-11.7889
-5.32698	-13.7774
-3.88109	-18.2678
-4.72839	-23.0636
-7.10631	-24.8439
-9.09485	-22.5317
-8.01469	-18.2926
4.73743	-23.054
4.81957	-21.6906
2.64843	-22.1333
3.1687	-21.7829
3.24576	-23.3708
4.05268	-16.244
1.35164	-11.2288
4.96185	-8.99374
-0.386476	-14.0006
-8.58472	-12.6277
-3.93714	-14.9056
-1.03113	-16.5065
-2.64551	-20.7152
-6.39362	-15.7297
-6.83003	-14.2871
-4.92669	-15.1208
-2.4769	-18.6709
-1.41982	-19.7096
-2.96066	-13.1513
-1.01949	-18.9165
0.992573	-21.6741
-0.792515	-19.6344
-2.98321	-15.762
-3.69991	-9.98767
-4.40673	-10.1817
-4.23108	-9.66894
-4.95092	-11.0092
-7.84296	-11.4313
-9.11343	-11.632
-8.75137	-12.6378
-8.8017	-12.661
-7.72742	-10.1045
-6.57806	-9.53496
-3.21229	-11.8173
-1.27318	-14.5067
2.24345	-16.3918
6.37975	-17.8892
6.31777	-22.4837
6.04241	-23.8389
5.21219	-23.6926
3.24333	-20.6934
-5.43197	-16.3261
-9.84094	-14.3395
-13.4362	-14.7603
-13.5173	-14.4914
-14.4182	-15.623
-13.7918	-18.7137
-13.1162	-22.481
-10.3842	-26.5527
-7.80084	-27.1462
-4.92661	-25.869
-3.28021	-22.3017
-2.87356	-18.4328
-4.49158	-14.6376
-3.82778	-13.5696
-1.85005	-15.6713
-1.90419	-15.9439
-2.51862	-16.5271
-8.22222	-12.5991
-3.73726	-16.9338
-6.55051	-12.7457
-9.01528	-11.098
-10.2014	-8.27541
-10.2762	-6.76431
-12.5155	-4.99551
-13.4566	-4.88368
-13.4504	-7.18189
-12.0498	-10.4909
-7.96627	-13.9197
-4.43378	-15.5282
-1.38526	-17.3802
2.01085	-17.1299
5.93875	-15.7113
6.39111	-20.8514
5.01622	-21.1984
5.76237	-22.3138
5.48576	-20.3399
4.12566	-18.6705
-3.66484	-11.6447
-8.59939	-8.69702
-10.1717	-12.0908
-8.0253	-17.7008
-6.58713	-21.2148
-4.92193	-25.45
-3.05147	-25.4525
-1.83041	-23.6004
-0.642191	-21.8054
0.268898	-20.9025
-1.28223	-15.5573
-5.32423	-9.38717
-2.72932	-11.3823
0.245168	-5.95132
-6.09082	0.355471
-7.74125	0.528131
-7.38405	0.313486
-6.69855	-1.77067
-9.98952	-2.60251
-9.99023	-11.7931
-5.01643	-7.15752
-1.94318	-5.12967
-3.10364	-4.59812
-1.86705	-3.83682
1.81141	-4.46053
0.0345649	-9.94645
-7.3236	-12.0502
-11.4546	-9.79848
-9.44616	-9.38675
-5.81125	-8.60977
1.08833	-7.92769
0.150781	-11.7709
3.45322	-16.6034
5.18639	-19.5223
7.67698	-25.6626
6.03334	-29.8271
2.58843	-27.5438
1.08297	-27.2337
-0.293378	-29.3539
-1.811	-29.2487
-1.45615	-30.0296
0.454204	-31.8386
0.656107	-27.8453
0.299886	-28.2452
-1.12101	-25.7614
-2.8612	-24.2846
-1.07154	-19.0185
1.63327	-14.3225
2.1646	-18.0008
-0.364943	-18.1445
-1.39446	-15.1236
-2.6806	-15.8276
-3.1536	-16.4205
-8.05776	-14.879
3.68725	-13.3291
1.79331	-10.5357
1.60262	-11.5965
-3.71702	-22.93
-7.42249	-21.6317
-1.60391	-26.6406
1.39803	-26.9251
5.02391	-16.7616
0.886863	-18.9731
1.34576	-16.5387
7.39798	-9.92921
4.4457	-10.7737
-2.10781	-9.79249
-3.43705	-14.139
0.317406	-16.5686
2.652	-7.82473
2.68706	3.04805
-1.49692	-3.80604
4.07643	-5.15022
3.05233	-8.6602
-0.956159	-6.65771
-3.30817	0.0565855
-1.23769	-0.816194
-0.169246	-5.25119
-3.62258	-1.166
-2.41708	-4.37494
-0.137138	-1.88418
-2.621	-7.74038
-5.13962	-10.4461
-2.32665	-1.2596
-0.418328	-5.13144
2.26134	-1.5951
-0.911112	-6.04264
-2.64342	-8.51479
2.53654	-3.3977
0.649579	-3.65445
1.7602	0.127362
